TMZDIFF,WRITETIME,Node,Timestamp,CEC_name,CEC_Mfg,CEC_Model,CEC_SN,State,Num_Partitions,CPU_Total,CPU_allocated,CPU_unallocated,Total_Shared_CPUs,Total_Mem_MB,Allocated_Mem_MB,Unallocated_Mem_MB,Num_proc_pools,Num_mem_pools,CPU_Units_Used,CPU_Used_Pct,Firmware_Version,Dedicated_CPU_Units_Used,Dedicated_CPU_Used_Pct,Shared_CPU_Units_Used,Shared_CPU_Used_Pct,Sample_Timestamp,Sample_Interval,ICDIS,IMDIS,IPDIS,Total_Installed_CPUs,Total_Installed_Memory_MB
21600,1170103000033000,PH:pshmc03-9113-550_06C4EFA:SVR,1170103000032000,P550CEC15-R164-SN06C4EFA,IBM,9113-550,06C4EFA,0,2,4,4,0,4,16384,16384,0,0,0,0.16,3.9,"338,01SF240",0,0,0.16,3.9,2017-01-02 23:56:03 GMT-06:00,300,1,1,1,4,16384
21600,1170103000033001,PH:pshmc03-9133-55A_10BCC4G:SVR,1170103000032000,P55ACEC7-R155-SN10BCC4G,IBM,9133-55A,10BCC4G,0,1,4,2,2,2,24576,6720,17856,0,0,0.04,1.1,"358,01SF240",0,0,0.04,1.1,2017-01-02 23:50:58 GMT-06:00,300,1,1,1,4,24576
21600,1170103000033002,PH:pshmc03-9133-55A_10BCC1G:SVR,1170103000032000,P55ACEC6-R155-SN10BCC1G,IBM,9133-55A,10BCC1G,0,1,4,4,0,0,8192,8192,0,0,0,-1,-1,"358,01SF240",-1,-1,-1,-1,NoSamples,300,1,1,0,4,8192
21600,1170103000033003,PH:pshmc03-9113-550_10D987E:SVR,1170103000032000,P550CEC6-R155-SN10D987E,IBM,9113-550,10D987E,4,0,0,0,0,0,0,0,0,0,0,-1,-1,"unavailable,unavailable",-1,-1,-1,-1,NoSamples,-1,1,1,0,-1,-1
21600,1170103001533000,PH:pshmc03-9113-550_06C4EFA:SVR,1170103001532000,P550CEC15-R164-SN06C4EFA,IBM,9113-550,06C4EFA,0,2,4,4,0,4,16384,16384,0,0,0,0.25,6.4,"338,01SF240",0,0,0.25,6.4,2017-01-03 00:10:11 GMT-06:00,300,1,1,1,4,16384
21600,1170103001533001,PH:pshmc03-9133-55A_10BCC4G:SVR,1170103001532000,P55ACEC7-R155-SN10BCC4G,IBM,9133-55A,10BCC4G,0,1,4,2,2,2,24576,6720,17856,0,0,0.18,4.5,"358,01SF240",0,0,0.18,4.5,2017-01-03 00:10:10 GMT-06:00,300,1,1,1,4,24576
21600,1170103001533002,PH:pshmc03-9133-55A_10BCC1G:SVR,1170103001532000,P55ACEC6-R155-SN10BCC1G,IBM,9133-55A,10BCC1G,0,1,4,4,0,0,8192,8192,0,0,0,-1,-1,"358,01SF240",-1,-1,-1,-1,NoSamples,300,1,1,0,4,8192
21600,1170103001533003,PH:pshmc03-9113-550_10D987E:SVR,1170103001532000,P550CEC6-R155-SN10D987E,IBM,9113-550,10D987E,4,0,0,0,0,0,0,0,0,0,0,-1,-1,"unavailable,unavailable",-1,-1,-1,-1,NoSamples,-1,1,1,0,-1,-1
21600,1170103003033001,PH:pshmc03-9133-55A_10BCC4G:SVR,1170103003032000,P55ACEC7-R155-SN10BCC4G,IBM,9133-55A,10BCC4G,0,1,4,2,2,2,24576,6720,17856,0,0,0.05,1.3,"358,01SF240",0,0,0.05,1.3,2017-01-03 00:25:24 GMT-06:00,300,1,1,1,4,24576
21600,1170103003033002,PH:pshmc03-9133-55A_10BCC1G:SVR,1170103003032000,P55ACEC6-R155-SN10BCC1G,IBM,9133-55A,10BCC1G,0,1,4,4,0,0,8192,8192,0,0,0,-1,-1,"358,01SF240",-1,-1,-1,-1,NoSamples,300,1,1,0,4,8192
21600,1170103003033003,PH:pshmc03-9113-550_10D987E:SVR,1170103003032000,P550CEC6-R155-SN10D987E,IBM,9113-550,10D987E,4,0,0,0,0,0,0,0,0,0,0,-1,-1,"unavailable,unavailable",-1,-1,-1,-1,NoSamples,-1,1,1,0,-1,-1
21600,1170103003033000,PH:pshmc03-9113-550_06C4EFA:SVR,1170103003032000,P550CEC15-R164-SN06C4EFA,IBM,9113-550,06C4EFA,0,2,4,4,0,4,16384,16384,0,0,0,0.15,3.7,"338,01SF240",0,0,0.15,3.7,2017-01-03 00:20:21 GMT-06:00,300,1,1,1,4,16384
21600,1170103000035000,PH:achmc02-8284-22A_21BDADV:SVR,1170103000034000,AC822CEC04-R703-SN21BDADV,IBM,8284-22A,21BDADV,0,0,0,0,0,0,0,0,0,0,0,-1,-1,NotCollected,-1,-1,-1,-1,NoSamples,-1,1,1,0,-1,-1
21600,1170103000035001,PH:achmc02-8284-22A_21BDABV:SVR,1170103000034000,AC822CEC15-R905-SN21BDABV,IBM,8284-22A,21BDABV,0,0,0,0,0,0,0,0,0,0,0,-1,-1,NotCollected,-1,-1,-1,-1,NoSamples,-1,1,1,0,-1,-1
21600,1170103000035002,PH:achmc02-8284-22A_21BE31V:SVR,1170103000034000,DC822CEC02-R3828-SN21BE31V,IBM,8284-22A,21BE31V,0,0,0,0,0,0,0,0,0,0,0,-1,-1,NotCollected,-1,-1,-1,-1,NoSamples,-1,1,1,0,-1,-1
21600,1170103000035003,PH:achmc02-8284-22A_21BDA1V:SVR,1170103000034000,AC822CEC11-R901-SN21BDA1V,IBM,8284-22A,21BDA1V,0,0,0,0,0,0,0,0,0,0,0,-1,-1,NotCollected,-1,-1,-1,-1,NoSamples,-1,1,1,0,-1,-1
21600,1170103000035004,PH:achmc02-8284-22A_21BDA5V:SVR,1170103000034000,AC822CEC17-R906-SN21BDA5V,IBM,8284-22A,21BDA5V,0,0,0,0,0,0,0,0,0,0,0,-1,-1,NotCollected,-1,-1,-1,-1,NoSamples,-1,1,1,0,-1,-1
21600,1170103000035005,PH:achmc02-8284-22A_21BDA4V:SVR,1170103000034000,AC822CEC05-R705-SN21BDA4V,IBM,8284-22A,21BDA4V,0,0,0,0,0,0,0,0,0,0,0,-1,-1,NotCollected,-1,-1,-1,-1,NoSamples,-1,1,1,0,-1,-1
21600,1170103000035006,PH:achmc02-8284-22A_21BDA7V:SVR,1170103000034000,AC822CEC02-R701-SN21BDA7V,IBM,8284-22A,21BDA7V,0,0,0,0,0,0,0,0,0,0,0,-1,-1,NotCollected,-1,-1,-1,-1,NoSamples,-1,1,1,0,-1,-1
21600,1170103000035007,PH:achmc02-8284-22A_21BE2FV:SVR,1170103000034000,DC822CEC05-R4028-SN21BE2FV,IBM,8284-22A,21BE2FV,0,0,0,0,0,0,0,0,0,0,0,-1,-1,NotCollected,-1,-1,-1,-1,NoSamples,-1,1,1,0,-1,-1
21600,1170103000035009,PH:achmc02-8284-22A_21BE30V:SVR,1170103000034000,DC822CEC04-R4028-SN21BE30V,IBM,8284-22A,21BE30V,0,0,0,0,0,0,0,0,0,0,0,-1,-1,NotCollected,-1,-1,-1,-1,NoSamples,-1,1,1,0,-1,-1
21600,1170103000035010,PH:achmc02-8284-22A_21BD9FV:SVR,1170103000034000,AC822CEC08-R706-SN21BD9FV,IBM,8284-22A,21BD9FV,0,0,0,0,0,0,0,0,0,0,0,-1,-1,NotCollected,-1,-1,-1,-1,NoSamples,-1,1,1,0,-1,-1
21600,1170103000035011,PH:achmc02-8284-22A_21BD9CV:SVR,1170103000034000,AC822CEC13-R902-SN21BD9CV,IBM,8284-22A,21BD9CV,0,0,0,0,0,0,0,0,0,0,0,-1,-1,NotCollected,-1,-1,-1,-1,NoSamples,-1,1,1,0,-1,-1
21600,1170103000035012,PH:achmc02-8284-22A_21BDA3V:SVR,1170103000034000,AC822CEC12-R901-SN21BDA3V,IBM,8284-22A,21BDA3V,0,0,0,0,0,0,0,0,0,0,0,-1,-1,NotCollected,-1,-1,-1,-1,NoSamples,-1,1,1,0,-1,-1
21600,1170103000035013,PH:achmc02-8284-22A_21BDACV:SVR,1170103000034000,AC822CEC09-R706-SN21BDACV,IBM,8284-22A,21BDACV,0,0,0,0,0,0,0,0,0,0,0,-1,-1,NotCollected,-1,-1,-1,-1,NoSamples,-1,1,1,0,-1,-1
21600,1170103000035014,PH:achmc02-8284-22A_21BD9DV:SVR,1170103000034000,DC822CEC03-R3829-SN21BD9DV,IBM,8284-22A,21BD9DV,0,0,0,0,0,0,0,0,0,0,0,-1,-1,NotCollected,-1,-1,-1,-1,NoSamples,-1,1,1,0,-1,-1
21600,1170103000035015,PH:achmc02-8284-22A_21BDB0V:SVR,1170103000034000,AC822CEC10-R901-SN21BDB0V,IBM,8284-22A,21BDB0V,0,0,20,17,3,0,524288,319744,204544,0,0,-1,-1,"118,01SV840",-1,-1,-1,-1,NoSamples,300,1,1,0,20,524288
21600,1170103000035016,PH:achmc02-8284-22A_21BDB2V:SVR,1170103000034000,AC822CEC07-R705-SN21BDB2V,IBM,8284-22A,21BDB2V,0,0,0,0,0,0,0,0,0,0,0,-1,-1,NotCollected,-1,-1,-1,-1,NoSamples,-1,1,1,0,-1,-1
21600,1170103000035008,PH:achmc02-8286-42A_21DF43V:SVR,1170103000034000,DC824CEC01-R4029-SN21DF43V,IBM,8286-42A,21DF43V,0,0,0,0,0,0,0,0,0,0,0,-1,-1,NotCollected,-1,-1,-1,-1,NoSamples,-1,1,1,0,-1,-1
21600,1170103000035018,PH:achmc02-8284-22A_21BDAAV:SVR,1170103000034000,AC822CEC06-R705-SN21BDAAV,IBM,8284-22A,21BDAAV,0,0,0,0,0,0,0,0,0,0,0,-1,-1,NotCollected,-1,-1,-1,-1,NoSamples,-1,1,1,0,-1,-1
21600,1170103000035019,PH:achmc02-8284-22A_21BDA9V:SVR,1170103000034000,AC822CEC01-R701-SN21BDA9V,IBM,8284-22A,21BDA9V,0,0,0,0,0,0,0,0,0,0,0,-1,-1,NotCollected,-1,-1,-1,-1,NoSamples,-1,1,1,0,-1,-1
21600,1170103000035020,PH:achmc02-8284-22A_21BD9EV:SVR,1170103000034000,AC822CEC14-R905-SN21BD9EV,IBM,8284-22A,21BD9EV,0,0,0,0,0,0,0,0,0,0,0,-1,-1,NotCollected,-1,-1,-1,-1,NoSamples,-1,1,1,0,-1,-1
21600,1170103000035021,PH:achmc02-8284-22A_21BE32V:SVR,1170103000034000,DC822CEC01-R3828-SN21BE32V,IBM,8284-22A,21BE32V,0,0,0,0,0,0,0,0,0,0,0,-1,-1,NotCollected,-1,-1,-1,-1,NoSamples,-1,1,1,0,-1,-1
21600,1170103000035022,PH:achmc02-8286-42A_21DF42V:SVR,1170103000034000,AC824CEC01-R703-SN21DF42V,IBM,8286-42A,21DF42V,0,0,0,0,0,0,0,0,0,0,0,-1,-1,NotCollected,-1,-1,-1,-1,NoSamples,-1,1,1,0,-1,-1
21600,1170103000035023,PH:achmc02-8284-22A_21BDB1V:SVR,1170103000034000,AC822CEC03-R701-SN21BDB1V,IBM,8284-22A,21BDB1V,0,0,20,18,2,0,0,0,0,0,0,-1,-1,"118,01SV840",-1,-1,-1,-1,NoSamples,-1,1,1,0,20,-1
21600,1170103001535000,PH:achmc02-8284-22A_21BDADV:SVR,1170103001534000,AC822CEC04-R703-SN21BDADV,IBM,8284-22A,21BDADV,0,0,0,0,0,0,0,0,0,0,0,-1,-1,NotCollected,-1,-1,-1,-1,NoSamples,-1,1,1,0,-1,-1
21600,1170103001535001,PH:achmc02-8284-22A_21BDABV:SVR,1170103001534000,AC822CEC15-R905-SN21BDABV,IBM,8284-22A,21BDABV,0,0,0,0,0,0,0,0,0,0,0,-1,-1,NotCollected,-1,-1,-1,-1,NoSamples,-1,1,1,0,-1,-1
21600,1170103000035017,PH:achmc02-8284-22A_21BDA8V:SVR,1170103000034000,AC822CEC16-R905-SN21BDA8V,IBM,8284-22A,21BDA8V,0,0,0,0,0,0,0,0,0,0,0,-1,-1,NotCollected,-1,-1,-1,-1,NoSamples,-1,1,1,0,-1,-1
21600,1170103001535003,PH:achmc02-8284-22A_21BDA1V:SVR,1170103001534000,AC822CEC11-R901-SN21BDA1V,IBM,8284-22A,21BDA1V,0,0,0,0,0,0,0,0,0,0,0,-1,-1,NotCollected,-1,-1,-1,-1,NoSamples,-1,1,1,0,-1,-1
21600,1170103001535004,PH:achmc02-8284-22A_21BDA5V:SVR,1170103001534000,AC822CEC17-R906-SN21BDA5V,IBM,8284-22A,21BDA5V,0,0,0,0,0,0,0,0,0,0,0,-1,-1,NotCollected,-1,-1,-1,-1,NoSamples,-1,1,1,0,-1,-1
21600,1170103001535005,PH:achmc02-8284-22A_21BDA4V:SVR,1170103001534000,AC822CEC05-R705-SN21BDA4V,IBM,8284-22A,21BDA4V,0,0,0,0,0,0,0,0,0,0,0,-1,-1,NotCollected,-1,-1,-1,-1,NoSamples,-1,1,1,0,-1,-1
21600,1170103001535006,PH:achmc02-8284-22A_21BDA7V:SVR,1170103001534000,AC822CEC02-R701-SN21BDA7V,IBM,8284-22A,21BDA7V,0,0,0,0,0,0,0,0,0,0,0,-1,-1,NotCollected,-1,-1,-1,-1,NoSamples,-1,1,1,0,-1,-1
21600,1170103001535007,PH:achmc02-8284-22A_21BE2FV:SVR,1170103001534000,DC822CEC05-R4028-SN21BE2FV,IBM,8284-22A,21BE2FV,0,0,0,0,0,0,0,0,0,0,0,-1,-1,NotCollected,-1,-1,-1,-1,NoSamples,-1,1,1,0,-1,-1
21600,1170103001535008,PH:achmc02-8286-42A_21DF43V:SVR,1170103001534000,DC824CEC01-R4029-SN21DF43V,IBM,8286-42A,21DF43V,0,0,0,0,0,0,0,0,0,0,0,-1,-1,NotCollected,-1,-1,-1,-1,NoSamples,-1,1,1,0,-1,-1
21600,1170103001535009,PH:achmc02-8284-22A_21BE30V:SVR,1170103001534000,DC822CEC04-R4028-SN21BE30V,IBM,8284-22A,21BE30V,0,0,0,0,0,0,0,0,0,0,0,-1,-1,NotCollected,-1,-1,-1,-1,NoSamples,-1,1,1,0,-1,-1
21600,1170103001535010,PH:achmc02-8284-22A_21BD9FV:SVR,1170103001534000,AC822CEC08-R706-SN21BD9FV,IBM,8284-22A,21BD9FV,0,0,0,0,0,0,0,0,0,0,0,-1,-1,NotCollected,-1,-1,-1,-1,NoSamples,-1,1,1,0,-1,-1
21600,1170103001535002,PH:achmc02-8284-22A_21BE31V:SVR,1170103001534000,DC822CEC02-R3828-SN21BE31V,IBM,8284-22A,21BE31V,0,0,0,0,0,0,0,0,0,0,0,-1,-1,NotCollected,-1,-1,-1,-1,NoSamples,-1,1,1,0,-1,-1
21600,1170103001535012,PH:achmc02-8284-22A_21BDA3V:SVR,1170103001534000,AC822CEC12-R901-SN21BDA3V,IBM,8284-22A,21BDA3V,0,0,0,0,0,0,0,0,0,0,0,-1,-1,NotCollected,-1,-1,-1,-1,NoSamples,-1,1,1,0,-1,-1
21600,1170103001535013,PH:achmc02-8284-22A_21BDACV:SVR,1170103001534000,AC822CEC09-R706-SN21BDACV,IBM,8284-22A,21BDACV,0,0,0,0,0,0,0,0,0,0,0,-1,-1,NotCollected,-1,-1,-1,-1,NoSamples,-1,1,1,0,-1,-1
21600,1170103001535014,PH:achmc02-8284-22A_21BD9DV:SVR,1170103001534000,DC822CEC03-R3829-SN21BD9DV,IBM,8284-22A,21BD9DV,0,0,0,0,0,0,0,0,0,0,0,-1,-1,NotCollected,-1,-1,-1,-1,NoSamples,-1,1,1,0,-1,-1
21600,1170103001535015,PH:achmc02-8284-22A_21BDB0V:SVR,1170103001534000,AC822CEC10-R901-SN21BDB0V,IBM,8284-22A,21BDB0V,0,0,0,0,0,0,0,0,0,0,0,-1,-1,NotCollected,-1,-1,-1,-1,NoSamples,-1,1,1,0,-1,-1
21600,1170103001535016,PH:achmc02-8284-22A_21BDB2V:SVR,1170103001534000,AC822CEC07-R705-SN21BDB2V,IBM,8284-22A,21BDB2V,0,0,0,0,0,0,0,0,0,0,0,-1,-1,NotCollected,-1,-1,-1,-1,NoSamples,-1,1,1,0,-1,-1
21600,1170103001535017,PH:achmc02-8284-22A_21BDA8V:SVR,1170103001534000,AC822CEC16-R905-SN21BDA8V,IBM,8284-22A,21BDA8V,0,0,0,0,0,0,0,0,0,0,0,-1,-1,NotCollected,-1,-1,-1,-1,NoSamples,-1,1,1,0,-1,-1
21600,1170103001535018,PH:achmc02-8284-22A_21BDAAV:SVR,1170103001534000,AC822CEC06-R705-SN21BDAAV,IBM,8284-22A,21BDAAV,0,0,0,0,0,0,0,0,0,0,0,-1,-1,NotCollected,-1,-1,-1,-1,NoSamples,-1,1,1,0,-1,-1
21600,1170103001535019,PH:achmc02-8284-22A_21BDA9V:SVR,1170103001534000,AC822CEC01-R701-SN21BDA9V,IBM,8284-22A,21BDA9V,0,0,0,0,0,0,0,0,0,0,0,-1,-1,NotCollected,-1,-1,-1,-1,NoSamples,-1,1,1,0,-1,-1
21600,1170103001535011,PH:achmc02-8284-22A_21BD9CV:SVR,1170103001534000,AC822CEC13-R902-SN21BD9CV,IBM,8284-22A,21BD9CV,0,0,0,0,0,0,0,0,0,0,0,-1,-1,NotCollected,-1,-1,-1,-1,NoSamples,-1,1,1,0,-1,-1
21600,1170103001535021,PH:achmc02-8284-22A_21BE32V:SVR,1170103001534000,DC822CEC01-R3828-SN21BE32V,IBM,8284-22A,21BE32V,0,0,0,0,0,0,0,0,0,0,0,-1,-1,NotCollected,-1,-1,-1,-1,NoSamples,-1,1,1,0,-1,-1
21600,1170103001535022,PH:achmc02-8286-42A_21DF42V:SVR,1170103001534000,AC824CEC01-R703-SN21DF42V,IBM,8286-42A,21DF42V,0,0,24,17,7,0,262144,165376,96768,0,0,-1,-1,"118,01SV840",-1,-1,-1,-1,NoSamples,300,1,1,0,24,262144
21600,1170103001535023,PH:achmc02-8284-22A_21BDB1V:SVR,1170103001534000,AC822CEC03-R701-SN21BDB1V,IBM,8284-22A,21BDB1V,0,0,0,0,0,0,0,0,0,0,0,-1,-1,NotCollected,-1,-1,-1,-1,NoSamples,-1,1,1,0,-1,-1
21600,1170103003035000,PH:achmc02-8284-22A_21BDADV:SVR,1170103003034000,AC822CEC04-R703-SN21BDADV,IBM,8284-22A,21BDADV,0,2,0,0,0,0,0,0,0,0,0,-1,-1,NotCollected,-1,-1,-1,-1,NoSamples,-1,1,1,0,-1,-1
21600,1170103003035001,PH:achmc02-8284-22A_21BDABV:SVR,1170103003034000,AC822CEC15-R905-SN21BDABV,IBM,8284-22A,21BDABV,0,2,0,0,0,0,0,0,0,0,0,-1,-1,NotCollected,-1,-1,-1,-1,NoSamples,-1,1,1,0,-1,-1
21600,1170103003035002,PH:achmc02-8284-22A_21BE31V:SVR,1170103003034000,DC822CEC02-R3828-SN21BE31V,IBM,8284-22A,21BE31V,0,0,0,0,0,0,0,0,0,0,0,-1,-1,NotCollected,-1,-1,-1,-1,NoSamples,-1,1,1,0,-1,-1
21600,1170103003035003,PH:achmc02-8284-22A_21BDA1V:SVR,1170103003034000,AC822CEC11-R901-SN21BDA1V,IBM,8284-22A,21BDA1V,0,2,0,0,0,0,0,0,0,0,0,-1,-1,NotCollected,-1,-1,-1,-1,NoSamples,-1,1,1,0,-1,-1
21600,1170103003035004,PH:achmc02-8284-22A_21BDA5V:SVR,1170103003034000,AC822CEC17-R906-SN21BDA5V,IBM,8284-22A,21BDA5V,0,2,12,8,4,0,524288,287232,237056,0,0,-1,-1,"118,01SV840",-1,-1,-1,-1,NoSamples,300,1,1,0,12,524288
21600,1170103001535020,PH:achmc02-8284-22A_21BD9EV:SVR,1170103001534000,AC822CEC14-R905-SN21BD9EV,IBM,8284-22A,21BD9EV,0,0,12,8,4,0,0,0,0,0,0,-1,-1,"118,01SV840",-1,-1,-1,-1,NoSamples,-1,1,1,0,12,-1
21600,1170103003035006,PH:achmc02-8284-22A_21BDA7V:SVR,1170103003034000,AC822CEC02-R701-SN21BDA7V,IBM,8284-22A,21BDA7V,0,2,0,0,0,0,0,0,0,0,0,-1,-1,NotCollected,-1,-1,-1,-1,NoSamples,-1,1,1,0,-1,-1
21600,1170103003035007,PH:achmc02-8284-22A_21BE2FV:SVR,1170103003034000,DC822CEC05-R4028-SN21BE2FV,IBM,8284-22A,21BE2FV,0,2,0,0,0,0,0,0,0,0,0,-1,-1,NotCollected,-1,-1,-1,-1,NoSamples,-1,1,1,0,-1,-1
21600,1170103003035008,PH:achmc02-8286-42A_21DF43V:SVR,1170103003034000,DC824CEC01-R4029-SN21DF43V,IBM,8286-42A,21DF43V,0,2,0,0,0,0,0,0,0,0,0,-1,-1,NotCollected,-1,-1,-1,-1,NoSamples,-1,1,1,0,-1,-1
21600,1170103003035009,PH:achmc02-8284-22A_21BE30V:SVR,1170103003034000,DC822CEC04-R4028-SN21BE30V,IBM,8284-22A,21BE30V,0,2,0,0,0,0,0,0,0,0,0,-1,-1,NotCollected,-1,-1,-1,-1,NoSamples,-1,1,1,0,-1,-1
21600,1170103003035010,PH:achmc02-8284-22A_21BD9FV:SVR,1170103003034000,AC822CEC08-R706-SN21BD9FV,IBM,8284-22A,21BD9FV,0,2,0,0,0,0,0,0,0,0,0,-1,-1,NotCollected,-1,-1,-1,-1,NoSamples,-1,1,1,0,-1,-1
21600,1170103003035011,PH:achmc02-8284-22A_21BD9CV:SVR,1170103003034000,AC822CEC13-R902-SN21BD9CV,IBM,8284-22A,21BD9CV,0,0,20,5,15,0,0,0,0,0,0,-1,-1,"118,01SV840",-1,-1,-1,-1,NoSamples,-1,1,1,0,20,-1
21600,1170103003035012,PH:achmc02-8284-22A_21BDA3V:SVR,1170103003034000,AC822CEC12-R901-SN21BDA3V,IBM,8284-22A,21BDA3V,0,2,0,0,0,0,0,0,0,0,0,-1,-1,NotCollected,-1,-1,-1,-1,NoSamples,-1,1,1,0,-1,-1
21600,1170103003035013,PH:achmc02-8284-22A_21BDACV:SVR,1170103003034000,AC822CEC09-R706-SN21BDACV,IBM,8284-22A,21BDACV,0,2,0,0,0,0,0,0,0,0,0,-1,-1,NotCollected,-1,-1,-1,-1,NoSamples,-1,1,1,0,-1,-1
21600,1170103003035005,PH:achmc02-8284-22A_21BDA4V:SVR,1170103003034000,AC822CEC05-R705-SN21BDA4V,IBM,8284-22A,21BDA4V,0,2,0,0,0,0,0,0,0,0,0,-1,-1,NotCollected,-1,-1,-1,-1,NoSamples,-1,1,1,0,-1,-1
21600,1170103003035015,PH:achmc02-8284-22A_21BDB0V:SVR,1170103003034000,AC822CEC10-R901-SN21BDB0V,IBM,8284-22A,21BDB0V,0,2,0,0,0,0,0,0,0,0,0,-1,-1,NotCollected,-1,-1,-1,-1,NoSamples,-1,1,1,0,-1,-1
21600,1170103003035016,PH:achmc02-8284-22A_21BDB2V:SVR,1170103003034000,AC822CEC07-R705-SN21BDB2V,IBM,8284-22A,21BDB2V,0,0,0,0,0,0,0,0,0,0,0,-1,-1,NotCollected,-1,-1,-1,-1,NoSamples,-1,1,1,0,-1,-1
21600,1170103003035017,PH:achmc02-8284-22A_21BDA8V:SVR,1170103003034000,AC822CEC16-R905-SN21BDA8V,IBM,8284-22A,21BDA8V,0,0,0,0,0,0,0,0,0,0,0,-1,-1,NotCollected,-1,-1,-1,-1,NoSamples,-1,1,1,0,-1,-1
21600,1170103003035018,PH:achmc02-8284-22A_21BDAAV:SVR,1170103003034000,AC822CEC06-R705-SN21BDAAV,IBM,8284-22A,21BDAAV,0,2,0,0,0,0,0,0,0,0,0,-1,-1,NotCollected,-1,-1,-1,-1,NoSamples,-1,1,1,0,-1,-1
21600,1170103003035019,PH:achmc02-8284-22A_21BDA9V:SVR,1170103003034000,AC822CEC01-R701-SN21BDA9V,IBM,8284-22A,21BDA9V,0,0,0,0,0,0,0,0,0,0,0,-1,-1,NotCollected,-1,-1,-1,-1,NoSamples,-1,1,1,0,-1,-1
21600,1170103003035020,PH:achmc02-8284-22A_21BD9EV:SVR,1170103003034000,AC822CEC14-R905-SN21BD9EV,IBM,8284-22A,21BD9EV,0,2,0,0,0,0,0,0,0,0,0,-1,-1,NotCollected,-1,-1,-1,-1,NoSamples,-1,1,1,0,-1,-1
21600,1170103003035021,PH:achmc02-8284-22A_21BE32V:SVR,1170103003034000,DC822CEC01-R3828-SN21BE32V,IBM,8284-22A,21BE32V,0,2,0,0,0,0,0,0,0,0,0,-1,-1,NotCollected,-1,-1,-1,-1,NoSamples,-1,1,1,0,-1,-1
21600,1170103003035022,PH:achmc02-8286-42A_21DF42V:SVR,1170103003034000,AC824CEC01-R703-SN21DF42V,IBM,8286-42A,21DF42V,0,0,0,0,0,0,0,0,0,0,0,-1,-1,NotCollected,-1,-1,-1,-1,NoSamples,-1,1,1,0,-1,-1
21600,1170103003035014,PH:achmc02-8284-22A_21BD9DV:SVR,1170103003034000,DC822CEC03-R3829-SN21BD9DV,IBM,8284-22A,21BD9DV,0,2,0,0,0,0,0,0,0,0,0,-1,-1,NotCollected,-1,-1,-1,-1,NoSamples,-1,1,1,0,-1,-1
21600,1170103000037000,PH:achmc01-9119-MME_103BBB7:SVR,1170103000036000,DC870CEC03-R4032-SN103BBB7-VF4,IBM,9119-MME,103BBB7,0,0,8,5.5,2.5,0,0,0,0,0,0,-1,-1,"104,01SC840",-1,-1,-1,-1,NoSamples,-1,1,1,0,64,-1
21600,1170103003035023,PH:achmc02-8284-22A_21BDB1V:SVR,1170103003034000,AC822CEC03-R701-SN21BDB1V,IBM,8284-22A,21BDB1V,0,2,0,0,0,0,0,0,0,0,0,-1,-1,NotCollected,-1,-1,-1,-1,NoSamples,-1,1,1,0,-1,-1
21600,1170103000037002,PH:achmc01-9119-MME_103BBC7:SVR,1170103000036000,DC870CEC01-R3831-SN103BBC7-VF4,IBM,9119-MME,103BBC7,0,0,0,0,0,0,0,0,0,0,0,-1,-1,NotCollected,-1,-1,-1,-1,NoSamples,-1,1,1,0,-1,-1
21600,1170103000037003,PH:achmc01-9117-MMD_107B2C7:SVR,1170103000036000,AC770CEC01-R706-SN107B2C7,IBM,9117-MMD,107B2C7,0,0,0,0,0,0,0,0,0,0,0,-1,-1,NotCollected,-1,-1,-1,-1,NoSamples,-1,1,1,0,-1,-1
21600,1170103000037004,PH:achmc01-9119-MME_219F1D7:SVR,1170103000036000,AC870CEC01-R704-SN219F1D7-VF5,IBM,9119-MME,219F1D7,0,0,29,27.7,1.3,0,1036288,957440,78848,0,0,-1,-1,"68,01SC830",-1,-1,-1,-1,NoSamples,300,1,1,0,64,2097152
21600,1170103000037005,PH:achmc01-9119-MME_063DE87:SVR,1170103000036000,DC870CEC02-R3832-SN063DE87-VF4,IBM,9119-MME,063DE87,0,0,0,0,0,0,0,0,0,0,0,-1,-1,NotCollected,-1,-1,-1,-1,NoSamples,-1,1,1,0,-1,-1
21600,1170103000037006,PH:achmc01-9119-MME_219F1C7:SVR,1170103000036000,AC870CEC02-R903-SN219F1C7-VF5,IBM,9119-MME,219F1C7,0,0,0,0,0,0,0,0,0,0,0,-1,-1,NotCollected,-1,-1,-1,-1,NoSamples,-1,1,1,0,-1,-1
21600,1170103001537000,PH:achmc01-9119-MME_103BBB7:SVR,1170103001536000,DC870CEC03-R4032-SN103BBB7-VF4,IBM,9119-MME,103BBB7,0,0,0,0,0,0,0,0,0,0,0,-1,-1,NotCollected,-1,-1,-1,-1,NoSamples,-1,1,1,0,-1,-1
21600,1170103001537001,PH:achmc01-9119-MME_219F1E7:SVR,1170103001536000,AC870CEC03-R904-SN219F1E7-VF5,IBM,9119-MME,219F1E7,0,0,0,0,0,0,0,0,0,0,0,-1,-1,NotCollected,-1,-1,-1,-1,NoSamples,-1,1,1,0,-1,-1
21600,1170103001537002,PH:achmc01-9119-MME_103BBC7:SVR,1170103001536000,DC870CEC01-R3831-SN103BBC7-VF4,IBM,9119-MME,103BBC7,0,0,0,0,0,0,0,0,0,0,0,-1,-1,NotCollected,-1,-1,-1,-1,NoSamples,-1,1,1,0,-1,-1
21600,1170103000037001,PH:achmc01-9119-MME_219F1E7:SVR,1170103000036000,AC870CEC03-R904-SN219F1E7-VF5,IBM,9119-MME,219F1E7,0,0,0,0,0,0,0,0,0,0,0,-1,-1,NotCollected,-1,-1,-1,-1,NoSamples,-1,1,1,0,-1,-1
21600,1170103001537004,PH:achmc01-9119-MME_219F1D7:SVR,1170103001536000,AC870CEC01-R704-SN219F1D7-VF5,IBM,9119-MME,219F1D7,0,0,0,0,0,0,0,0,0,0,0,-1,-1,NotCollected,-1,-1,-1,-1,NoSamples,-1,1,1,0,-1,-1
21600,1170103001537005,PH:achmc01-9119-MME_063DE87:SVR,1170103001536000,DC870CEC02-R3832-SN063DE87-VF4,IBM,9119-MME,063DE87,0,0,8,4,4,0,536576,46336,490240,0,0,-1,-1,"104,01SC840",-1,-1,-1,-1,NoSamples,300,1,1,0,64,1048576
21600,1170103001537006,PH:achmc01-9119-MME_219F1C7:SVR,1170103001536000,AC870CEC02-R903-SN219F1C7-VF5,IBM,9119-MME,219F1C7,0,0,35,34.1,0.9,0,0,0,0,0,0,-1,-1,"68,01SC830",-1,-1,-1,-1,NoSamples,-1,1,1,0,64,-1
21600,1170103003037000,PH:achmc01-9119-MME_103BBB7:SVR,1170103003036000,DC870CEC03-R4032-SN103BBB7-VF4,IBM,9119-MME,103BBB7,0,0,0,0,0,0,0,0,0,0,0,-1,-1,NotCollected,-1,-1,-1,-1,NoSamples,-1,1,1,0,-1,-1
21600,1170103003037001,PH:achmc01-9119-MME_219F1E7:SVR,1170103003036000,AC870CEC03-R904-SN219F1E7-VF5,IBM,9119-MME,219F1E7,0,0,0,0,0,0,0,0,0,0,0,-1,-1,NotCollected,-1,-1,-1,-1,NoSamples,-1,1,1,0,-1,-1
21600,1170103003037002,PH:achmc01-9119-MME_103BBC7:SVR,1170103003036000,DC870CEC01-R3831-SN103BBC7-VF4,IBM,9119-MME,103BBC7,0,0,0,0,0,0,0,0,0,0,0,-1,-1,NotCollected,-1,-1,-1,-1,NoSamples,-1,1,1,0,-1,-1
21600,1170103003037003,PH:achmc01-9117-MMD_107B2C7:SVR,1170103003036000,AC770CEC01-R706-SN107B2C7,IBM,9117-MMD,107B2C7,0,0,16,13,3,0,0,0,0,0,0,-1,-1,"80,01AM780",-1,-1,-1,-1,NoSamples,-1,1,1,0,16,-1
21600,1170103003037004,PH:achmc01-9119-MME_219F1D7:SVR,1170103003036000,AC870CEC01-R704-SN219F1D7-VF5,IBM,9119-MME,219F1D7,0,0,29,27.7,1.3,0,1036288,957440,78848,0,0,-1,-1,"68,01SC830",-1,-1,-1,-1,NoSamples,300,1,1,0,64,2097152
21600,1170103001537003,PH:achmc01-9117-MMD_107B2C7:SVR,1170103001536000,AC770CEC01-R706-SN107B2C7,IBM,9117-MMD,107B2C7,0,0,0,0,0,0,0,0,0,0,0,-1,-1,NotCollected,-1,-1,-1,-1,NoSamples,-1,1,1,0,-1,-1
21600,1170103003037006,PH:achmc01-9119-MME_219F1C7:SVR,1170103003036000,AC870CEC02-R903-SN219F1C7-VF5,IBM,9119-MME,219F1C7,0,0,0,0,0,0,0,0,0,0,0,-1,-1,NotCollected,-1,-1,-1,-1,NoSamples,-1,1,1,0,-1,-1
21600,1170103000042000,PH:pshmc12-8205-E6B_1036A7R:SVR,1170103000041000,P740CEC22-R633-SN1036A7R,IBM,8205-E6B,1036A7R,0,3,16,16,0,0,131072,130304,768,1,0,0.06,0.4,"99,01AL730",0.06,0.4,0,0,2017-01-02 23:55:23 GMT-06:00,300,1,1,1,16,131072
21600,1170103001542000,PH:pshmc12-8205-E6B_1036A7R:SVR,1170103001541000,P740CEC22-R633-SN1036A7R,IBM,8205-E6B,1036A7R,0,3,16,16,0,0,131072,130304,768,1,0,0.1,0.6,"99,01AL730",0.1,0.6,0,0,2017-01-03 00:10:23 GMT-06:00,300,1,1,1,16,131072
21600,1170103003042000,PH:pshmc12-8205-E6B_1036A7R:SVR,1170103003041000,P740CEC22-R633-SN1036A7R,IBM,8205-E6B,1036A7R,0,3,16,16,0,0,131072,130304,768,1,0,0.05,0.3,"99,01AL730",0.05,0.3,0,0,2017-01-03 00:25:24 GMT-06:00,300,1,1,1,16,131072
21600,1170103000013000,PH:tlabhmc0-8233-E8B_102B7DP:SVR,1170103000012000,T750CEC01-R325-SN102B7DP,IBM,8233-E8B,102B7DP,0,10,8,7,1,7,131072,93696,37376,1,0,0.11,1.4,"149,01AL730",0,0,0.11,1.4,2017-01-02 23:51:30 GMT-06:00,300,1,1,1,8,131072
21600,1170103000013001,PH:tlabhmc0-8233-E8B_069AA3P:SVR,1170103000012000,T750CEC03-R329-SN069AA3P,IBM,8233-E8B,069AA3P,0,2,32,6,26,6,524288,114432,409856,1,0,0.08,0.3,"149,01AL730",0,0,0.08,0.3,2017-01-02 23:56:30 GMT-06:00,300,1,1,1,32,524288
21600,1170103000013002,PH:tlabhmc0-8231-E1D_21DF5AT:SVR,1170103000012000,T710CEC02-R329-SN21DF5AT,IBM,8231-E1D,21DF5AT,0,3,8,3,5,3,131072,45568,85504,1,0,0.07,0.9,"110,01AL770",0,0,0.07,0.9,2017-01-02 23:56:30 GMT-06:00,300,1,1,1,8,131072
21600,1170103003037005,PH:achmc01-9119-MME_063DE87:SVR,1170103003036000,DC870CEC02-R3832-SN063DE87-VF4,IBM,9119-MME,063DE87,0,0,0,0,0,0,0,0,0,0,0,-1,-1,NotCollected,-1,-1,-1,-1,NoSamples,-1,1,1,0,-1,-1
21600,1170103000013004,PH:tlabhmc0-8231-E1D_21DF5BT:SVR,1170103000012000,T710CEC01-R325-SN21DF5BT,IBM,8231-E1D,21DF5BT,0,4,8,3.2,4.8,4,131072,49408,81664,1,0,0.08,1,"110,01AL770",0,0,0.08,1,2017-01-02 23:56:30 GMT-06:00,300,1,1,1,8,131072
21600,1170103001513000,PH:tlabhmc0-8233-E8B_102B7DP:SVR,1170103001512000,T750CEC01-R325-SN102B7DP,IBM,8233-E8B,102B7DP,0,10,8,7,1,7,131072,93696,37376,1,0,0.23,2.9,"149,01AL730",0,0,0.23,2.9,2017-01-03 00:06:30 GMT-06:00,300,1,1,1,8,131072
21600,1170103001513001,PH:tlabhmc0-8233-E8B_069AA3P:SVR,1170103001512000,T750CEC03-R329-SN069AA3P,IBM,8233-E8B,069AA3P,0,2,32,6,26,6,524288,114432,409856,1,0,0.09,0.3,"149,01AL730",0,0,0.09,0.3,2017-01-03 00:11:30 GMT-06:00,300,1,1,1,32,524288
21600,1170103001513002,PH:tlabhmc0-8231-E1D_21DF5AT:SVR,1170103001512000,T710CEC02-R329-SN21DF5AT,IBM,8231-E1D,21DF5AT,0,3,8,3,5,3,131072,45568,85504,1,0,0.08,1,"110,01AL770",0,0,0.08,1,2017-01-03 00:11:30 GMT-06:00,300,1,1,1,8,131072
21600,1170103001513003,PH:tlabhmc0-8233-E8B_102B7EP:SVR,1170103001512000,T750CEC02-R329-SN102B7EP,IBM,8233-E8B,102B7EP,0,7,8,4.8,3.2,5,131072,112384,18688,1,0,0.1,1.2,"149,01AL730",0,0,0.1,1.2,2017-01-03 00:11:30 GMT-06:00,300,1,1,1,8,131072
21600,1170103001513004,PH:tlabhmc0-8231-E1D_21DF5BT:SVR,1170103001512000,T710CEC01-R325-SN21DF5BT,IBM,8231-E1D,21DF5BT,0,4,8,3.2,4.8,4,131072,49408,81664,1,0,0.09,1.1,"110,01AL770",0,0,0.09,1.1,2017-01-03 00:11:30 GMT-06:00,300,1,1,1,8,131072
21600,1170103003013000,PH:tlabhmc0-8233-E8B_102B7DP:SVR,1170103003012000,T750CEC01-R325-SN102B7DP,IBM,8233-E8B,102B7DP,0,10,8,7,1,7,131072,93696,37376,1,0,0.11,1.4,"149,01AL730",0,0,0.11,1.4,2017-01-03 00:21:30 GMT-06:00,300,1,1,1,8,131072
21600,1170103003013001,PH:tlabhmc0-8233-E8B_069AA3P:SVR,1170103003012000,T750CEC03-R329-SN069AA3P,IBM,8233-E8B,069AA3P,0,2,32,6,26,6,524288,114432,409856,1,0,0.1,0.3,"149,01AL730",0,0,0.1,0.3,2017-01-03 00:21:30 GMT-06:00,300,1,1,1,32,524288
21600,1170103000013003,PH:tlabhmc0-8233-E8B_102B7EP:SVR,1170103000012000,T750CEC02-R329-SN102B7EP,IBM,8233-E8B,102B7EP,0,7,8,4.8,3.2,5,131072,112384,18688,1,0,0.15,1.8,"149,01AL730",0,0,0.15,1.8,2017-01-02 23:56:30 GMT-06:00,300,1,1,1,8,131072
21600,1170103003013003,PH:tlabhmc0-8233-E8B_102B7EP:SVR,1170103003012000,T750CEC02-R329-SN102B7EP,IBM,8233-E8B,102B7EP,0,7,8,4.8,3.2,5,131072,112384,18688,1,0,0.09,1.1,"149,01AL730",0,0,0.09,1.1,2017-01-03 00:26:30 GMT-06:00,300,1,1,1,8,131072
21600,1170103003013004,PH:tlabhmc0-8231-E1D_21DF5BT:SVR,1170103003012000,T710CEC01-R325-SN21DF5BT,IBM,8231-E1D,21DF5BT,0,4,8,3.2,4.8,4,131072,49408,81664,1,0,0.09,1.1,"110,01AL770",0,0,0.09,1.1,2017-01-03 00:26:30 GMT-06:00,300,1,1,1,8,131072
21600,1170103004513000,PH:tlabhmc0-8233-E8B_102B7DP:SVR,1170103004512000,T750CEC01-R325-SN102B7DP,IBM,8233-E8B,102B7DP,0,10,8,7,1,7,131072,93696,37376,1,0,0.11,1.4,"149,01AL730",0,0,0.11,1.4,2017-01-03 00:41:30 GMT-06:00,300,1,1,1,8,131072
21600,1170103004513001,PH:tlabhmc0-8233-E8B_069AA3P:SVR,1170103004512000,T750CEC03-R329-SN069AA3P,IBM,8233-E8B,069AA3P,0,2,32,6,26,6,524288,114432,409856,1,0,0.1,0.3,"149,01AL730",0,0,0.1,0.3,2017-01-03 00:36:30 GMT-06:00,300,1,1,1,32,524288
21600,1170103004513002,PH:tlabhmc0-8231-E1D_21DF5AT:SVR,1170103004512000,T710CEC02-R329-SN21DF5AT,IBM,8231-E1D,21DF5AT,0,3,8,3,5,3,131072,45568,85504,1,0,0.08,1,"110,01AL770",0,0,0.08,1,2017-01-03 00:36:30 GMT-06:00,300,1,1,1,8,131072
21600,1170103004513003,PH:tlabhmc0-8233-E8B_102B7EP:SVR,1170103004512000,T750CEC02-R329-SN102B7EP,IBM,8233-E8B,102B7EP,0,7,8,4.8,3.2,5,131072,112384,18688,1,0,0.07,0.8,"149,01AL730",0,0,0.07,0.8,2017-01-03 00:36:30 GMT-06:00,300,1,1,1,8,131072
21600,1170103004513004,PH:tlabhmc0-8231-E1D_21DF5BT:SVR,1170103004512000,T710CEC01-R325-SN21DF5BT,IBM,8231-E1D,21DF5BT,0,4,8,3.2,4.8,4,131072,49408,81664,1,0,0.09,1.1,"110,01AL770",0,0,0.09,1.1,2017-01-03 00:36:30 GMT-06:00,300,1,1,1,8,131072
21600,1170103000014000,PH:dchmc01-8284-22A_21BDB1V:SVR,1170103000013000,AC822CEC03-R701-SN21BDB1V,IBM,8284-22A,21BDB1V,0,0,0,0,0,0,0,0,0,0,0,-1,-1,NotCollected,-1,-1,-1,-1,NoSamples,-1,1,1,0,-1,-1
21600,1170103003013002,PH:tlabhmc0-8231-E1D_21DF5AT:SVR,1170103003012000,T710CEC02-R329-SN21DF5AT,IBM,8231-E1D,21DF5AT,0,3,8,3,5,3,131072,45568,85504,1,0,0.07,0.9,"110,01AL770",0,0,0.07,0.9,2017-01-03 00:21:30 GMT-06:00,300,1,1,1,8,131072
21600,1170103000014002,PH:dchmc01-8284-22A_21BD9DV:SVR,1170103000013000,DC822CEC03-R3829-SN21BD9DV,IBM,8284-22A,21BD9DV,0,0,0,0,0,0,0,0,0,0,0,-1,-1,NotCollected,-1,-1,-1,-1,NoSamples,-1,1,1,0,-1,-1
21600,1170103000014003,PH:dchmc01-8284-22A_21BDA8V:SVR,1170103000013000,AC822CEC16-R905-SN21BDA8V,IBM,8284-22A,21BDA8V,0,0,0,0,0,0,0,0,0,0,0,-1,-1,NotCollected,-1,-1,-1,-1,NoSamples,-1,1,1,0,-1,-1
21600,1170103000014004,PH:dchmc01-8284-22A_21BD9FV:SVR,1170103000013000,AC822CEC08-R706-SN21BD9FV,IBM,8284-22A,21BD9FV,0,0,12,8,4,0,524288,287232,237056,0,0,-1,-1,"118,01SV840",-1,-1,-1,-1,NoSamples,300,1,1,0,12,524288
21600,1170103000014005,PH:dchmc01-8286-42A_21DF43V:SVR,1170103000013000,DC824CEC01-R4029-SN21DF43V,IBM,8286-42A,21DF43V,0,0,0,0,0,0,0,0,0,0,0,-1,-1,NotCollected,-1,-1,-1,-1,NoSamples,-1,1,1,0,-1,-1
21600,1170103000014006,PH:dchmc01-8284-22A_21BDACV:SVR,1170103000013000,AC822CEC09-R706-SN21BDACV,IBM,8284-22A,21BDACV,0,0,0,0,0,0,0,0,0,0,0,-1,-1,NotCollected,-1,-1,-1,-1,NoSamples,-1,1,1,0,-1,-1
21600,1170103000014007,PH:dchmc01-8284-22A_21BDADV:SVR,1170103000013000,AC822CEC04-R703-SN21BDADV,IBM,8284-22A,21BDADV,0,0,0,0,0,0,0,0,0,0,0,-1,-1,NotCollected,-1,-1,-1,-1,NoSamples,-1,1,1,0,-1,-1
21600,1170103000014008,PH:dchmc01-8284-22A_21BDA1V:SVR,1170103000013000,AC822CEC11-R901-SN21BDA1V,IBM,8284-22A,21BDA1V,0,0,0,0,0,0,0,0,0,0,0,-1,-1,NotCollected,-1,-1,-1,-1,NoSamples,-1,1,1,0,-1,-1
21600,1170103000014009,PH:dchmc01-8284-22A_21BD9CV:SVR,1170103000013000,AC822CEC13-R902-SN21BD9CV,IBM,8284-22A,21BD9CV,0,0,0,0,0,0,0,0,0,0,0,-1,-1,NotCollected,-1,-1,-1,-1,NoSamples,-1,1,1,0,-1,-1
21600,1170103000014001,PH:dchmc01-8284-22A_21BE2FV:SVR,1170103000013000,DC822CEC05-R4028-SN21BE2FV,IBM,8284-22A,21BE2FV,0,0,20,2,18,0,0,0,0,0,0,-1,-1,"132,01SV840",-1,-1,-1,-1,NoSamples,-1,1,1,0,20,-1
21600,1170103000014011,PH:dchmc01-8284-22A_21BDAAV:SVR,1170103000013000,AC822CEC06-R705-SN21BDAAV,IBM,8284-22A,21BDAAV,0,0,0,0,0,0,0,0,0,0,0,-1,-1,NotCollected,-1,-1,-1,-1,NoSamples,-1,1,1,0,-1,-1
21600,1170103000014012,PH:dchmc01-8284-22A_21BDA5V:SVR,1170103000013000,AC822CEC17-R906-SN21BDA5V,IBM,8284-22A,21BDA5V,0,0,0,0,0,0,0,0,0,0,0,-1,-1,NotCollected,-1,-1,-1,-1,NoSamples,-1,1,1,0,-1,-1
21600,1170103000014013,PH:dchmc01-8286-42A_21DF42V:SVR,1170103000013000,AC824CEC01-R703-SN21DF42V,IBM,8286-42A,21DF42V,0,0,0,0,0,0,0,0,0,0,0,-1,-1,NotCollected,-1,-1,-1,-1,NoSamples,-1,1,1,0,-1,-1
21600,1170103000014014,PH:dchmc01-8284-22A_21BDA3V:SVR,1170103000013000,AC822CEC12-R901-SN21BDA3V,IBM,8284-22A,21BDA3V,0,0,0,0,0,0,0,0,0,0,0,-1,-1,NotCollected,-1,-1,-1,-1,NoSamples,-1,1,1,0,-1,-1
21600,1170103000014015,PH:dchmc01-8284-22A_21BDB2V:SVR,1170103000013000,AC822CEC07-R705-SN21BDB2V,IBM,8284-22A,21BDB2V,0,0,0,0,0,0,0,0,0,0,0,-1,-1,NotCollected,-1,-1,-1,-1,NoSamples,-1,1,1,0,-1,-1
21600,1170103000014016,PH:dchmc01-8284-22A_21BE30V:SVR,1170103000013000,DC822CEC04-R4028-SN21BE30V,IBM,8284-22A,21BE30V,0,0,0,0,0,0,0,0,0,0,0,-1,-1,NotCollected,-1,-1,-1,-1,NoSamples,-1,1,1,0,-1,-1
21600,1170103000014017,PH:dchmc01-8284-22A_21BDA7V:SVR,1170103000013000,AC822CEC02-R701-SN21BDA7V,IBM,8284-22A,21BDA7V,0,0,0,0,0,0,0,0,0,0,0,-1,-1,NotCollected,-1,-1,-1,-1,NoSamples,-1,1,1,0,-1,-1
21600,1170103000014018,PH:dchmc01-8284-22A_21BDABV:SVR,1170103000013000,AC822CEC15-R905-SN21BDABV,IBM,8284-22A,21BDABV,0,0,0,0,0,0,0,0,0,0,0,-1,-1,NotCollected,-1,-1,-1,-1,NoSamples,-1,1,1,0,-1,-1
21600,1170103000014010,PH:dchmc01-8284-22A_21BE31V:SVR,1170103000013000,DC822CEC02-R3828-SN21BE31V,IBM,8284-22A,21BE31V,0,0,0,0,0,0,0,0,0,0,0,-1,-1,NotCollected,-1,-1,-1,-1,NoSamples,-1,1,1,0,-1,-1
21600,1170103000014020,PH:dchmc01-8284-22A_21BDB0V:SVR,1170103000013000,AC822CEC10-R901-SN21BDB0V,IBM,8284-22A,21BDB0V,0,0,0,0,0,0,0,0,0,0,0,-1,-1,NotCollected,-1,-1,-1,-1,NoSamples,-1,1,1,0,-1,-1
21600,1170103000014021,PH:dchmc01-8284-22A_21BDA9V:SVR,1170103000013000,AC822CEC01-R701-SN21BDA9V,IBM,8284-22A,21BDA9V,0,0,0,0,0,0,0,0,0,0,0,-1,-1,NotCollected,-1,-1,-1,-1,NoSamples,-1,1,1,0,-1,-1
21600,1170103000014022,PH:dchmc01-8284-22A_21BD9EV:SVR,1170103000013000,AC822CEC14-R905-SN21BD9EV,IBM,8284-22A,21BD9EV,0,0,0,0,0,0,0,0,0,0,0,-1,-1,NotCollected,-1,-1,-1,-1,NoSamples,-1,1,1,0,-1,-1
21600,1170103000014023,PH:dchmc01-8284-22A_21BDA4V:SVR,1170103000013000,AC822CEC05-R705-SN21BDA4V,IBM,8284-22A,21BDA4V,0,0,0,0,0,0,0,0,0,0,0,-1,-1,NotCollected,-1,-1,-1,-1,NoSamples,-1,1,1,0,-1,-1
21600,1170103001514000,PH:dchmc01-8284-22A_21BDB1V:SVR,1170103001513000,AC822CEC03-R701-SN21BDB1V,IBM,8284-22A,21BDB1V,0,0,0,0,0,0,0,0,0,0,0,-1,-1,NotCollected,-1,-1,-1,-1,NoSamples,-1,1,1,0,-1,-1
21600,1170103001514001,PH:dchmc01-8284-22A_21BE2FV:SVR,1170103001513000,DC822CEC05-R4028-SN21BE2FV,IBM,8284-22A,21BE2FV,0,0,0,0,0,0,0,0,0,0,0,-1,-1,NotCollected,-1,-1,-1,-1,NoSamples,-1,1,1,0,-1,-1
21600,1170103001514002,PH:dchmc01-8284-22A_21BD9DV:SVR,1170103001513000,DC822CEC03-R3829-SN21BD9DV,IBM,8284-22A,21BD9DV,0,0,0,0,0,0,0,0,0,0,0,-1,-1,NotCollected,-1,-1,-1,-1,NoSamples,-1,1,1,0,-1,-1
21600,1170103001514003,PH:dchmc01-8284-22A_21BDA8V:SVR,1170103001513000,AC822CEC16-R905-SN21BDA8V,IBM,8284-22A,21BDA8V,0,0,0,0,0,0,0,0,0,0,0,-1,-1,NotCollected,-1,-1,-1,-1,NoSamples,-1,1,1,0,-1,-1
21600,1170103000014019,PH:dchmc01-8284-22A_21BE32V:SVR,1170103000013000,DC822CEC01-R3828-SN21BE32V,IBM,8284-22A,21BE32V,0,0,0,0,0,0,0,0,0,0,0,-1,-1,NotCollected,-1,-1,-1,-1,NoSamples,-1,1,1,0,-1,-1
21600,1170103001514005,PH:dchmc01-8286-42A_21DF43V:SVR,1170103001513000,DC824CEC01-R4029-SN21DF43V,IBM,8286-42A,21DF43V,0,0,0,0,0,0,0,0,0,0,0,-1,-1,NotCollected,-1,-1,-1,-1,NoSamples,-1,1,1,0,-1,-1
21600,1170103001514006,PH:dchmc01-8284-22A_21BDACV:SVR,1170103001513000,AC822CEC09-R706-SN21BDACV,IBM,8284-22A,21BDACV,0,0,0,0,0,0,0,0,0,0,0,-1,-1,NotCollected,-1,-1,-1,-1,NoSamples,-1,1,1,0,-1,-1
21600,1170103001514007,PH:dchmc01-8284-22A_21BDADV:SVR,1170103001513000,AC822CEC04-R703-SN21BDADV,IBM,8284-22A,21BDADV,0,0,20,12.5,7.5,0,524288,259840,264448,0,0,-1,-1,"118,01SV840",-1,-1,-1,-1,NoSamples,300,1,1,0,20,524288
21600,1170103001514008,PH:dchmc01-8284-22A_21BDA1V:SVR,1170103001513000,AC822CEC11-R901-SN21BDA1V,IBM,8284-22A,21BDA1V,0,0,0,0,0,0,0,0,0,0,0,-1,-1,NotCollected,-1,-1,-1,-1,NoSamples,-1,1,1,0,-1,-1
21600,1170103001514009,PH:dchmc01-8284-22A_21BD9CV:SVR,1170103001513000,AC822CEC13-R902-SN21BD9CV,IBM,8284-22A,21BD9CV,0,0,0,0,0,0,0,0,0,0,0,-1,-1,NotCollected,-1,-1,-1,-1,NoSamples,-1,1,1,0,-1,-1
21600,1170103001514010,PH:dchmc01-8284-22A_21BE31V:SVR,1170103001513000,DC822CEC02-R3828-SN21BE31V,IBM,8284-22A,21BE31V,0,0,0,0,0,0,0,0,0,0,0,-1,-1,NotCollected,-1,-1,-1,-1,NoSamples,-1,1,1,0,-1,-1
21600,1170103001514011,PH:dchmc01-8284-22A_21BDAAV:SVR,1170103001513000,AC822CEC06-R705-SN21BDAAV,IBM,8284-22A,21BDAAV,0,0,0,0,0,0,0,0,0,0,0,-1,-1,NotCollected,-1,-1,-1,-1,NoSamples,-1,1,1,0,-1,-1
21600,1170103001514012,PH:dchmc01-8284-22A_21BDA5V:SVR,1170103001513000,AC822CEC17-R906-SN21BDA5V,IBM,8284-22A,21BDA5V,0,0,0,0,0,0,0,0,0,0,0,-1,-1,NotCollected,-1,-1,-1,-1,NoSamples,-1,1,1,0,-1,-1
21600,1170103001514004,PH:dchmc01-8284-22A_21BD9FV:SVR,1170103001513000,AC822CEC08-R706-SN21BD9FV,IBM,8284-22A,21BD9FV,0,0,0,0,0,0,0,0,0,0,0,-1,-1,NotCollected,-1,-1,-1,-1,NoSamples,-1,1,1,0,-1,-1
21600,1170103001514014,PH:dchmc01-8284-22A_21BDA3V:SVR,1170103001513000,AC822CEC12-R901-SN21BDA3V,IBM,8284-22A,21BDA3V,0,0,0,0,0,0,0,0,0,0,0,-1,-1,NotCollected,-1,-1,-1,-1,NoSamples,-1,1,1,0,-1,-1
21600,1170103001514015,PH:dchmc01-8284-22A_21BDB2V:SVR,1170103001513000,AC822CEC07-R705-SN21BDB2V,IBM,8284-22A,21BDB2V,0,0,20,20,0,0,0,0,0,0,0,-1,-1,"118,01SV840",-1,-1,-1,-1,NoSamples,-1,1,1,0,20,-1
21600,1170103001514016,PH:dchmc01-8284-22A_21BE30V:SVR,1170103001513000,DC822CEC04-R4028-SN21BE30V,IBM,8284-22A,21BE30V,0,0,0,0,0,0,0,0,0,0,0,-1,-1,NotCollected,-1,-1,-1,-1,NoSamples,-1,1,1,0,-1,-1
21600,1170103001514017,PH:dchmc01-8284-22A_21BDA7V:SVR,1170103001513000,AC822CEC02-R701-SN21BDA7V,IBM,8284-22A,21BDA7V,0,0,0,0,0,0,0,0,0,0,0,-1,-1,NotCollected,-1,-1,-1,-1,NoSamples,-1,1,1,0,-1,-1
21600,1170103001514018,PH:dchmc01-8284-22A_21BDABV:SVR,1170103001513000,AC822CEC15-R905-SN21BDABV,IBM,8284-22A,21BDABV,0,0,0,0,0,0,0,0,0,0,0,-1,-1,NotCollected,-1,-1,-1,-1,NoSamples,-1,1,1,0,-1,-1
21600,1170103001514019,PH:dchmc01-8284-22A_21BE32V:SVR,1170103001513000,DC822CEC01-R3828-SN21BE32V,IBM,8284-22A,21BE32V,0,0,0,0,0,0,0,0,0,0,0,-1,-1,NotCollected,-1,-1,-1,-1,NoSamples,-1,1,1,0,-1,-1
21600,1170103001514020,PH:dchmc01-8284-22A_21BDB0V:SVR,1170103001513000,AC822CEC10-R901-SN21BDB0V,IBM,8284-22A,21BDB0V,0,0,0,0,0,0,0,0,0,0,0,-1,-1,NotCollected,-1,-1,-1,-1,NoSamples,-1,1,1,0,-1,-1
21600,1170103001514021,PH:dchmc01-8284-22A_21BDA9V:SVR,1170103001513000,AC822CEC01-R701-SN21BDA9V,IBM,8284-22A,21BDA9V,0,0,0,0,0,0,0,0,0,0,0,-1,-1,NotCollected,-1,-1,-1,-1,NoSamples,-1,1,1,0,-1,-1
21600,1170103001514013,PH:dchmc01-8286-42A_21DF42V:SVR,1170103001513000,AC824CEC01-R703-SN21DF42V,IBM,8286-42A,21DF42V,0,0,0,0,0,0,0,0,0,0,0,-1,-1,NotCollected,-1,-1,-1,-1,NoSamples,-1,1,1,0,-1,-1
21600,1170103001514023,PH:dchmc01-8284-22A_21BDA4V:SVR,1170103001513000,AC822CEC05-R705-SN21BDA4V,IBM,8284-22A,21BDA4V,0,0,0,0,0,0,0,0,0,0,0,-1,-1,NotCollected,-1,-1,-1,-1,NoSamples,-1,1,1,0,-1,-1
21600,1170103003014000,PH:dchmc01-8284-22A_21BDB1V:SVR,1170103003013000,AC822CEC03-R701-SN21BDB1V,IBM,8284-22A,21BDB1V,0,0,20,18,2,0,524288,139264,385024,0,0,-1,-1,"118,01SV840",-1,-1,-1,-1,NoSamples,300,1,1,0,20,524288
21600,1170103003014001,PH:dchmc01-8284-22A_21BE2FV:SVR,1170103003013000,DC822CEC05-R4028-SN21BE2FV,IBM,8284-22A,21BE2FV,0,0,0,0,0,0,0,0,0,0,0,-1,-1,NotCollected,-1,-1,-1,-1,NoSamples,-1,1,1,0,-1,-1
21600,1170103003014002,PH:dchmc01-8284-22A_21BD9DV:SVR,1170103003013000,DC822CEC03-R3829-SN21BD9DV,IBM,8284-22A,21BD9DV,0,0,0,0,0,0,0,0,0,0,0,-1,-1,NotCollected,-1,-1,-1,-1,NoSamples,-1,1,1,0,-1,-1
21600,1170103003014003,PH:dchmc01-8284-22A_21BDA8V:SVR,1170103003013000,AC822CEC16-R905-SN21BDA8V,IBM,8284-22A,21BDA8V,0,0,20,12,8,0,0,0,0,0,0,-1,-1,"118,01SV840",-1,-1,-1,-1,NoSamples,-1,1,1,0,20,-1
21600,1170103003014004,PH:dchmc01-8284-22A_21BD9FV:SVR,1170103003013000,AC822CEC08-R706-SN21BD9FV,IBM,8284-22A,21BD9FV,0,0,0,0,0,0,0,0,0,0,0,-1,-1,NotCollected,-1,-1,-1,-1,NoSamples,-1,1,1,0,-1,-1
21600,1170103003014005,PH:dchmc01-8286-42A_21DF43V:SVR,1170103003013000,DC824CEC01-R4029-SN21DF43V,IBM,8286-42A,21DF43V,0,0,0,0,0,0,0,0,0,0,0,-1,-1,NotCollected,-1,-1,-1,-1,NoSamples,-1,1,1,0,-1,-1
21600,1170103003014006,PH:dchmc01-8284-22A_21BDACV:SVR,1170103003013000,AC822CEC09-R706-SN21BDACV,IBM,8284-22A,21BDACV,0,0,0,0,0,0,0,0,0,0,0,-1,-1,NotCollected,-1,-1,-1,-1,NoSamples,-1,1,1,0,-1,-1
21600,1170103001514022,PH:dchmc01-8284-22A_21BD9EV:SVR,1170103001513000,AC822CEC14-R905-SN21BD9EV,IBM,8284-22A,21BD9EV,0,0,0,0,0,0,0,0,0,0,0,-1,-1,NotCollected,-1,-1,-1,-1,NoSamples,-1,1,1,0,-1,-1
21600,1170103003014008,PH:dchmc01-8284-22A_21BDA1V:SVR,1170103003013000,AC822CEC11-R901-SN21BDA1V,IBM,8284-22A,21BDA1V,0,0,0,0,0,0,0,0,0,0,0,-1,-1,NotCollected,-1,-1,-1,-1,NoSamples,-1,1,1,0,-1,-1
21600,1170103003014009,PH:dchmc01-8284-22A_21BD9CV:SVR,1170103003013000,AC822CEC13-R902-SN21BD9CV,IBM,8284-22A,21BD9CV,0,0,0,0,0,0,0,0,0,0,0,-1,-1,NotCollected,-1,-1,-1,-1,NoSamples,-1,1,1,0,-1,-1
21600,1170103003014010,PH:dchmc01-8284-22A_21BE31V:SVR,1170103003013000,DC822CEC02-R3828-SN21BE31V,IBM,8284-22A,21BE31V,0,0,0,0,0,0,0,0,0,0,0,-1,-1,NotCollected,-1,-1,-1,-1,NoSamples,-1,1,1,0,-1,-1
21600,1170103003014011,PH:dchmc01-8284-22A_21BDAAV:SVR,1170103003013000,AC822CEC06-R705-SN21BDAAV,IBM,8284-22A,21BDAAV,0,0,0,0,0,0,0,0,0,0,0,-1,-1,NotCollected,-1,-1,-1,-1,NoSamples,-1,1,1,0,-1,-1
21600,1170103003014012,PH:dchmc01-8284-22A_21BDA5V:SVR,1170103003013000,AC822CEC17-R906-SN21BDA5V,IBM,8284-22A,21BDA5V,0,0,0,0,0,0,0,0,0,0,0,-1,-1,NotCollected,-1,-1,-1,-1,NoSamples,-1,1,1,0,-1,-1
21600,1170103003014013,PH:dchmc01-8286-42A_21DF42V:SVR,1170103003013000,AC824CEC01-R703-SN21DF42V,IBM,8286-42A,21DF42V,0,0,0,0,0,0,0,0,0,0,0,-1,-1,NotCollected,-1,-1,-1,-1,NoSamples,-1,1,1,0,-1,-1
21600,1170103003014014,PH:dchmc01-8284-22A_21BDA3V:SVR,1170103003013000,AC822CEC12-R901-SN21BDA3V,IBM,8284-22A,21BDA3V,0,0,0,0,0,0,0,0,0,0,0,-1,-1,NotCollected,-1,-1,-1,-1,NoSamples,-1,1,1,0,-1,-1
21600,1170103003014015,PH:dchmc01-8284-22A_21BDB2V:SVR,1170103003013000,AC822CEC07-R705-SN21BDB2V,IBM,8284-22A,21BDB2V,0,0,0,0,0,0,0,0,0,0,0,-1,-1,NotCollected,-1,-1,-1,-1,NoSamples,-1,1,1,0,-1,-1
21600,1170103003014007,PH:dchmc01-8284-22A_21BDADV:SVR,1170103003013000,AC822CEC04-R703-SN21BDADV,IBM,8284-22A,21BDADV,0,0,0,0,0,0,0,0,0,0,0,-1,-1,NotCollected,-1,-1,-1,-1,NoSamples,-1,1,1,0,-1,-1
21600,1170103003014017,PH:dchmc01-8284-22A_21BDA7V:SVR,1170103003013000,AC822CEC02-R701-SN21BDA7V,IBM,8284-22A,21BDA7V,0,0,0,0,0,0,0,0,0,0,0,-1,-1,NotCollected,-1,-1,-1,-1,NoSamples,-1,1,1,0,-1,-1
21600,1170103003014018,PH:dchmc01-8284-22A_21BDABV:SVR,1170103003013000,AC822CEC15-R905-SN21BDABV,IBM,8284-22A,21BDABV,0,0,0,0,0,0,0,0,0,0,0,-1,-1,NotCollected,-1,-1,-1,-1,NoSamples,-1,1,1,0,-1,-1
21600,1170103003014019,PH:dchmc01-8284-22A_21BE32V:SVR,1170103003013000,DC822CEC01-R3828-SN21BE32V,IBM,8284-22A,21BE32V,0,0,0,0,0,0,0,0,0,0,0,-1,-1,NotCollected,-1,-1,-1,-1,NoSamples,-1,1,1,0,-1,-1
21600,1170103003014020,PH:dchmc01-8284-22A_21BDB0V:SVR,1170103003013000,AC822CEC10-R901-SN21BDB0V,IBM,8284-22A,21BDB0V,0,0,0,0,0,0,0,0,0,0,0,-1,-1,NotCollected,-1,-1,-1,-1,NoSamples,-1,1,1,0,-1,-1
21600,1170103003014021,PH:dchmc01-8284-22A_21BDA9V:SVR,1170103003013000,AC822CEC01-R701-SN21BDA9V,IBM,8284-22A,21BDA9V,0,0,0,0,0,0,0,0,0,0,0,-1,-1,NotCollected,-1,-1,-1,-1,NoSamples,-1,1,1,0,-1,-1
21600,1170103003014022,PH:dchmc01-8284-22A_21BD9EV:SVR,1170103003013000,AC822CEC14-R905-SN21BD9EV,IBM,8284-22A,21BD9EV,0,0,0,0,0,0,0,0,0,0,0,-1,-1,NotCollected,-1,-1,-1,-1,NoSamples,-1,1,1,0,-1,-1
21600,1170103003014023,PH:dchmc01-8284-22A_21BDA4V:SVR,1170103003013000,AC822CEC05-R705-SN21BDA4V,IBM,8284-22A,21BDA4V,0,0,0,0,0,0,0,0,0,0,0,-1,-1,NotCollected,-1,-1,-1,-1,NoSamples,-1,1,1,0,-1,-1
21600,1170103004514000,PH:dchmc01-8284-22A_21BDB1V:SVR,1170103004513000,AC822CEC03-R701-SN21BDB1V,IBM,8284-22A,21BDB1V,0,2,0,0,0,0,0,0,0,0,0,-1,-1,NotCollected,-1,-1,-1,-1,NoSamples,-1,1,1,0,-1,-1
21600,1170103003014016,PH:dchmc01-8284-22A_21BE30V:SVR,1170103003013000,DC822CEC04-R4028-SN21BE30V,IBM,8284-22A,21BE30V,0,0,0,0,0,0,0,0,0,0,0,-1,-1,NotCollected,-1,-1,-1,-1,NoSamples,-1,1,1,0,-1,-1
21600,1170103004514002,PH:dchmc01-8284-22A_21BD9DV:SVR,1170103004513000,DC822CEC03-R3829-SN21BD9DV,IBM,8284-22A,21BD9DV,0,2,0,0,0,0,0,0,0,0,0,-1,-1,NotCollected,-1,-1,-1,-1,NoSamples,-1,1,1,0,-1,-1
21600,1170103004514003,PH:dchmc01-8284-22A_21BDA8V:SVR,1170103004513000,AC822CEC16-R905-SN21BDA8V,IBM,8284-22A,21BDA8V,0,2,0,0,0,0,0,0,0,0,0,-1,-1,NotCollected,-1,-1,-1,-1,NoSamples,-1,1,1,0,-1,-1
21600,1170103004514004,PH:dchmc01-8284-22A_21BD9FV:SVR,1170103004513000,AC822CEC08-R706-SN21BD9FV,IBM,8284-22A,21BD9FV,0,2,0,0,0,0,0,0,0,0,0,-1,-1,NotCollected,-1,-1,-1,-1,NoSamples,-1,1,1,0,-1,-1
21600,1170103004514005,PH:dchmc01-8286-42A_21DF43V:SVR,1170103004513000,DC824CEC01-R4029-SN21DF43V,IBM,8286-42A,21DF43V,0,2,0,0,0,0,0,0,0,0,0,-1,-1,NotCollected,-1,-1,-1,-1,NoSamples,-1,1,1,0,-1,-1
21600,1170103004514006,PH:dchmc01-8284-22A_21BDACV:SVR,1170103004513000,AC822CEC09-R706-SN21BDACV,IBM,8284-22A,21BDACV,0,2,0,0,0,0,0,0,0,0,0,-1,-1,NotCollected,-1,-1,-1,-1,NoSamples,-1,1,1,0,-1,-1
21600,1170103004514007,PH:dchmc01-8284-22A_21BDADV:SVR,1170103004513000,AC822CEC04-R703-SN21BDADV,IBM,8284-22A,21BDADV,0,0,0,0,0,0,0,0,0,0,0,-1,-1,NotCollected,-1,-1,-1,-1,NoSamples,-1,1,1,0,-1,-1
21600,1170103004514008,PH:dchmc01-8284-22A_21BDA1V:SVR,1170103004513000,AC822CEC11-R901-SN21BDA1V,IBM,8284-22A,21BDA1V,0,2,0,0,0,0,0,0,0,0,0,-1,-1,NotCollected,-1,-1,-1,-1,NoSamples,-1,1,1,0,-1,-1
21600,1170103004514009,PH:dchmc01-8284-22A_21BD9CV:SVR,1170103004513000,AC822CEC13-R902-SN21BD9CV,IBM,8284-22A,21BD9CV,0,0,20,5,15,0,262144,173568,88576,0,0,-1,-1,"118,01SV840",-1,-1,-1,-1,NoSamples,300,1,1,0,20,262144
21600,1170103004514001,PH:dchmc01-8284-22A_21BE2FV:SVR,1170103004513000,DC822CEC05-R4028-SN21BE2FV,IBM,8284-22A,21BE2FV,0,2,0,0,0,0,0,0,0,0,0,-1,-1,NotCollected,-1,-1,-1,-1,NoSamples,-1,1,1,0,-1,-1
21600,1170103004514011,PH:dchmc01-8284-22A_21BDAAV:SVR,1170103004513000,AC822CEC06-R705-SN21BDAAV,IBM,8284-22A,21BDAAV,0,2,0,0,0,0,0,0,0,0,0,-1,-1,NotCollected,-1,-1,-1,-1,NoSamples,-1,1,1,0,-1,-1
21600,1170103004514012,PH:dchmc01-8284-22A_21BDA5V:SVR,1170103004513000,AC822CEC17-R906-SN21BDA5V,IBM,8284-22A,21BDA5V,0,2,0,0,0,0,0,0,0,0,0,-1,-1,NotCollected,-1,-1,-1,-1,NoSamples,-1,1,1,0,-1,-1
21600,1170103004514013,PH:dchmc01-8286-42A_21DF42V:SVR,1170103004513000,AC824CEC01-R703-SN21DF42V,IBM,8286-42A,21DF42V,0,0,0,0,0,0,0,0,0,0,0,-1,-1,NotCollected,-1,-1,-1,-1,NoSamples,-1,1,1,0,-1,-1
21600,1170103004514014,PH:dchmc01-8284-22A_21BDA3V:SVR,1170103004513000,AC822CEC12-R901-SN21BDA3V,IBM,8284-22A,21BDA3V,0,0,0,0,0,0,0,0,0,0,0,-1,-1,NotCollected,-1,-1,-1,-1,NoSamples,-1,1,1,0,-1,-1
21600,1170103004514015,PH:dchmc01-8284-22A_21BDB2V:SVR,1170103004513000,AC822CEC07-R705-SN21BDB2V,IBM,8284-22A,21BDB2V,0,2,0,0,0,0,0,0,0,0,0,-1,-1,NotCollected,-1,-1,-1,-1,NoSamples,-1,1,1,0,-1,-1
21600,1170103004514016,PH:dchmc01-8284-22A_21BE30V:SVR,1170103004513000,DC822CEC04-R4028-SN21BE30V,IBM,8284-22A,21BE30V,0,2,0,0,0,0,0,0,0,0,0,-1,-1,NotCollected,-1,-1,-1,-1,NoSamples,-1,1,1,0,-1,-1
21600,1170103004514017,PH:dchmc01-8284-22A_21BDA7V:SVR,1170103004513000,AC822CEC02-R701-SN21BDA7V,IBM,8284-22A,21BDA7V,0,2,0,0,0,0,0,0,0,0,0,-1,-1,NotCollected,-1,-1,-1,-1,NoSamples,-1,1,1,0,-1,-1
21600,1170103004514018,PH:dchmc01-8284-22A_21BDABV:SVR,1170103004513000,AC822CEC15-R905-SN21BDABV,IBM,8284-22A,21BDABV,0,2,0,0,0,0,0,0,0,0,0,-1,-1,NotCollected,-1,-1,-1,-1,NoSamples,-1,1,1,0,-1,-1
21600,1170103004514010,PH:dchmc01-8284-22A_21BE31V:SVR,1170103004513000,DC822CEC02-R3828-SN21BE31V,IBM,8284-22A,21BE31V,0,2,20,2,18,0,0,0,0,0,0,-1,-1,"132,01SV840",-1,-1,-1,-1,NoSamples,-1,1,1,0,20,-1
21600,1170103004514020,PH:dchmc01-8284-22A_21BDB0V:SVR,1170103004513000,AC822CEC10-R901-SN21BDB0V,IBM,8284-22A,21BDB0V,0,0,0,0,0,0,0,0,0,0,0,-1,-1,NotCollected,-1,-1,-1,-1,NoSamples,-1,1,1,0,-1,-1
21600,1170103004514021,PH:dchmc01-8284-22A_21BDA9V:SVR,1170103004513000,AC822CEC01-R701-SN21BDA9V,IBM,8284-22A,21BDA9V,0,0,0,0,0,0,0,0,0,0,0,-1,-1,NotCollected,-1,-1,-1,-1,NoSamples,-1,1,1,0,-1,-1
21600,1170103004514022,PH:dchmc01-8284-22A_21BD9EV:SVR,1170103004513000,AC822CEC14-R905-SN21BD9EV,IBM,8284-22A,21BD9EV,0,2,0,0,0,0,0,0,0,0,0,-1,-1,NotCollected,-1,-1,-1,-1,NoSamples,-1,1,1,0,-1,-1
21600,1170103004514023,PH:dchmc01-8284-22A_21BDA4V:SVR,1170103004513000,AC822CEC05-R705-SN21BDA4V,IBM,8284-22A,21BDA4V,0,2,0,0,0,0,0,0,0,0,0,-1,-1,NotCollected,-1,-1,-1,-1,NoSamples,-1,1,1,0,-1,-1
21600,1170103000027000,PH:pshmc10-8204-E8A_101B6B6:SVR,1170103000026000,P550CEC30-R616-SN101B6B6,IBM,8204-E8A,101B6B6,0,1,4,4,0,0,32768,32768,0,0,0,0.06,1.4,"143,01EL350",0.06,1.4,0,0,2017-01-02 23:50:23 GMT-06:00,300,1,1,1,4,32768
21600,1170103000027001,PH:pshmc10-8204-E8A_101B6C6:SVR,1170103000026000,P550CEC31-R617-SN101B6C6,IBM,8204-E8A,101B6C6,0,1,4,4,0,0,32768,32768,0,0,0,0.24,5.9,"143,01EL350",0.24,5.9,0,0,2017-01-02 23:50:23 GMT-06:00,300,1,1,1,4,32768
21600,1170103000027002,PH:pshmc10-8204-E8A_101B706:SVR,1170103000026000,P550CEC35-R617-SN101B706,IBM,8204-E8A,101B706,0,1,4,4,0,0,32768,32768,0,0,0,1.1,27.4,"143,01EL350",1.1,27.4,0,0,2017-01-02 23:50:22 GMT-06:00,300,1,1,1,4,32768
21600,1170103000027003,PH:pshmc10-8204-E8A_101B6D6:SVR,1170103000026000,P550CEC32-R617-SN101B6D6,IBM,8204-E8A,101B6D6,0,1,4,4,0,0,32768,32768,0,0,0,0.89,22.2,"143,01EL350",0.89,22.2,0,0,2017-01-02 23:50:22 GMT-06:00,300,1,1,1,4,32768
21600,1170103004514019,PH:dchmc01-8284-22A_21BE32V:SVR,1170103004513000,DC822CEC01-R3828-SN21BE32V,IBM,8284-22A,21BE32V,0,2,0,0,0,0,0,0,0,0,0,-1,-1,NotCollected,-1,-1,-1,-1,NoSamples,-1,1,1,0,-1,-1
21600,1170103000027005,PH:pshmc10-8204-E8A_101B6E6:SVR,1170103000026000,P550CEC33-R617-SN101B6E6,IBM,8204-E8A,101B6E6,0,1,4,4,0,0,32768,32768,0,0,0,0.13,3.4,"143,01EL350",0.13,3.4,0,0,2017-01-02 23:50:22 GMT-06:00,300,1,1,1,4,32768
21600,1170103000027006,PH:pshmc10-8204-E8A_101B6F6:SVR,1170103000026000,P550CEC34-R617-SN101B6F6,IBM,8204-E8A,101B6F6,0,1,4,4,0,0,32768,32768,0,0,0,0.14,3.6,"143,01EL350",0.14,3.6,0,0,2017-01-02 23:50:22 GMT-06:00,300,1,1,1,4,32768
21600,1170103001527000,PH:pshmc10-8204-E8A_101B6B6:SVR,1170103001526000,P550CEC30-R616-SN101B6B6,IBM,8204-E8A,101B6B6,0,1,4,4,0,0,32768,32768,0,0,0,0.06,1.5,"143,01EL350",0.06,1.5,0,0,2017-01-03 00:05:26 GMT-06:00,300,1,1,1,4,32768
21600,1170103001527001,PH:pshmc10-8204-E8A_101B6C6:SVR,1170103001526000,P550CEC31-R617-SN101B6C6,IBM,8204-E8A,101B6C6,0,1,4,4,0,0,32768,32768,0,0,0,0.21,5.2,"143,01EL350",0.21,5.2,0,0,2017-01-03 00:05:26 GMT-06:00,300,1,1,1,4,32768
21600,1170103001527002,PH:pshmc10-8204-E8A_101B706:SVR,1170103001526000,P550CEC35-R617-SN101B706,IBM,8204-E8A,101B706,0,1,4,4,0,0,32768,32768,0,0,0,1.18,29.4,"143,01EL350",1.18,29.4,0,0,2017-01-03 00:05:25 GMT-06:00,300,1,1,1,4,32768
21600,1170103001527003,PH:pshmc10-8204-E8A_101B6D6:SVR,1170103001526000,P550CEC32-R617-SN101B6D6,IBM,8204-E8A,101B6D6,0,1,4,4,0,0,32768,32768,0,0,0,0.41,10.2,"143,01EL350",0.41,10.2,0,0,2017-01-03 00:05:25 GMT-06:00,300,1,1,1,4,32768
21600,1170103001527004,PH:pshmc10-8204-E8A_101B716:SVR,1170103001526000,P550CEC36-R616-SN101B716,IBM,8204-E8A,101B716,0,1,4,4,0,0,32768,32768,0,0,0,0.41,10.3,"143,01EL350",0.41,10.3,0,0,2017-01-03 00:05:25 GMT-06:00,300,1,1,1,4,32768
21600,1170103001527005,PH:pshmc10-8204-E8A_101B6E6:SVR,1170103001526000,P550CEC33-R617-SN101B6E6,IBM,8204-E8A,101B6E6,0,1,4,4,0,0,32768,32768,0,0,0,0.13,3.2,"143,01EL350",0.13,3.2,0,0,2017-01-03 00:05:25 GMT-06:00,300,1,1,1,4,32768
21600,1170103000027004,PH:pshmc10-8204-E8A_101B716:SVR,1170103000026000,P550CEC36-R616-SN101B716,IBM,8204-E8A,101B716,0,1,4,4,0,0,32768,32768,0,0,0,0.36,9,"143,01EL350",0.36,9,0,0,2017-01-02 23:50:22 GMT-06:00,300,1,1,1,4,32768
21600,1170103003027000,PH:pshmc10-8204-E8A_101B6B6:SVR,1170103003026000,P550CEC30-R616-SN101B6B6,IBM,8204-E8A,101B6B6,0,1,4,4,0,0,32768,32768,0,0,0,0.06,1.4,"143,01EL350",0.06,1.4,0,0,2017-01-03 00:20:30 GMT-06:00,300,1,1,1,4,32768
21600,1170103003027001,PH:pshmc10-8204-E8A_101B6C6:SVR,1170103003026000,P550CEC31-R617-SN101B6C6,IBM,8204-E8A,101B6C6,0,1,4,4,0,0,32768,32768,0,0,0,0.21,5.3,"143,01EL350",0.21,5.3,0,0,2017-01-03 00:20:30 GMT-06:00,300,1,1,1,4,32768
21600,1170103003027002,PH:pshmc10-8204-E8A_101B706:SVR,1170103003026000,P550CEC35-R617-SN101B706,IBM,8204-E8A,101B706,0,1,4,4,0,0,32768,32768,0,0,0,1.04,26.1,"143,01EL350",1.04,26.1,0,0,2017-01-03 00:20:29 GMT-06:00,300,1,1,1,4,32768
21600,1170103003027003,PH:pshmc10-8204-E8A_101B6D6:SVR,1170103003026000,P550CEC32-R617-SN101B6D6,IBM,8204-E8A,101B6D6,0,1,4,4,0,0,32768,32768,0,0,0,0.32,7.9,"143,01EL350",0.32,7.9,0,0,2017-01-03 00:20:29 GMT-06:00,300,1,1,1,4,32768
21600,1170103003027004,PH:pshmc10-8204-E8A_101B716:SVR,1170103003026000,P550CEC36-R616-SN101B716,IBM,8204-E8A,101B716,0,1,4,4,0,0,32768,32768,0,0,0,0.32,8.1,"143,01EL350",0.32,8.1,0,0,2017-01-03 00:20:30 GMT-06:00,300,1,1,1,4,32768
21600,1170103003027005,PH:pshmc10-8204-E8A_101B6E6:SVR,1170103003026000,P550CEC33-R617-SN101B6E6,IBM,8204-E8A,101B6E6,0,1,4,4,0,0,32768,32768,0,0,0,0.13,3.2,"143,01EL350",0.13,3.2,0,0,2017-01-03 00:20:29 GMT-06:00,300,1,1,1,4,32768
21600,1170103003027006,PH:pshmc10-8204-E8A_101B6F6:SVR,1170103003026000,P550CEC34-R617-SN101B6F6,IBM,8204-E8A,101B6F6,0,1,4,4,0,0,32768,32768,0,0,0,0.14,3.4,"143,01EL350",0.14,3.4,0,0,2017-01-03 00:20:30 GMT-06:00,300,1,1,1,4,32768
21600,1170103004527000,PH:pshmc10-8204-E8A_101B6B6:SVR,1170103004526000,P550CEC30-R616-SN101B6B6,IBM,8204-E8A,101B6B6,0,1,4,4,0,0,32768,32768,0,0,0,0.06,1.4,"143,01EL350",0.06,1.4,0,0,2017-01-03 00:35:34 GMT-06:00,300,1,1,1,4,32768
21600,1170103001527006,PH:pshmc10-8204-E8A_101B6F6:SVR,1170103001526000,P550CEC34-R617-SN101B6F6,IBM,8204-E8A,101B6F6,0,1,4,4,0,0,32768,32768,0,0,0,0.14,3.4,"143,01EL350",0.14,3.4,0,0,2017-01-03 00:05:25 GMT-06:00,300,1,1,1,4,32768
21600,1170103004527002,PH:pshmc10-8204-E8A_101B706:SVR,1170103004526000,P550CEC35-R617-SN101B706,IBM,8204-E8A,101B706,0,1,4,4,0,0,32768,32768,0,0,0,1.01,25.3,"143,01EL350",1.01,25.3,0,0,2017-01-03 00:35:33 GMT-06:00,300,1,1,1,4,32768
21600,1170103004527003,PH:pshmc10-8204-E8A_101B6D6:SVR,1170103004526000,P550CEC32-R617-SN101B6D6,IBM,8204-E8A,101B6D6,0,1,4,4,0,0,32768,32768,0,0,0,0.29,7.3,"143,01EL350",0.29,7.3,0,0,2017-01-03 00:35:33 GMT-06:00,300,1,1,1,4,32768
21600,1170103004527004,PH:pshmc10-8204-E8A_101B716:SVR,1170103004526000,P550CEC36-R616-SN101B716,IBM,8204-E8A,101B716,0,1,4,4,0,0,32768,32768,0,0,0,0.3,7.5,"143,01EL350",0.3,7.5,0,0,2017-01-03 00:35:34 GMT-06:00,300,1,1,1,4,32768
21600,1170103004527005,PH:pshmc10-8204-E8A_101B6E6:SVR,1170103004526000,P550CEC33-R617-SN101B6E6,IBM,8204-E8A,101B6E6,0,1,4,4,0,0,32768,32768,0,0,0,0.13,3.2,"143,01EL350",0.13,3.2,0,0,2017-01-03 00:35:34 GMT-06:00,300,1,1,1,4,32768
21600,1170103004527006,PH:pshmc10-8204-E8A_101B6F6:SVR,1170103004526000,P550CEC34-R617-SN101B6F6,IBM,8204-E8A,101B6F6,0,1,4,4,0,0,32768,32768,0,0,0,0.13,3.3,"143,01EL350",0.13,3.3,0,0,2017-01-03 00:35:34 GMT-06:00,300,1,1,1,4,32768
21600,1170103000047000,PH:pshmc01-9117-MMD_105A4F7:SVR,1170103000046000,P770CEC15-R648-SN105A4F7-VF3,IBM,9117-MMD,105A4F7,0,38,32,32,0,32,2097152,1125376,971776,1,0,6.31,19.7,"68,01AM760",0,0,6.31,19.7,2017-01-02 23:59:48 GMT-06:00,60,1,1,1,32,2097152
21600,1170103000047001,PH:pshmc01-9117-MMC_102D017:SVR,1170103000046000,P770CEC10-R642-SN102D017,IBM,9117-MMC,102D017,0,2,23,23,0,23,110592,110080,512,1,0,2.88,12.5,"109,01AM770",0,0,2.88,12.5,2017-01-02 23:59:48 GMT-06:00,60,1,1,1,32,131072
21600,1170103000047002,PH:pshmc01-8205-E6D_10B3DDT:SVR,1170103000046000,P740CEC21-R647-SN10B3DDT,IBM,8205-E6D,10B3DDT,0,1,12,12,0,12,65536,65536,0,1,0,3.56,29.7,"52,01AL770",0,0,3.56,29.7,2017-01-02 23:52:48 GMT-06:00,300,1,1,1,12,65536
21600,1170103004527001,PH:pshmc10-8204-E8A_101B6C6:SVR,1170103004526000,P550CEC31-R617-SN101B6C6,IBM,8204-E8A,101B6C6,0,1,4,4,0,0,32768,32768,0,0,0,0.23,5.7,"143,01EL350",0.23,5.7,0,0,2017-01-03 00:35:34 GMT-06:00,300,1,1,1,4,32768
21600,1170103000047004,PH:pshmc01-9117-MMD_105A4E7:SVR,1170103000046000,P770CEC16-R651-SN105A4E7-VF3,IBM,9117-MMD,105A4E7,0,36,32,32,0,32,2097152,1006592,1090560,1,0,11.11,34.7,"78,01AM760",0,0,11.11,34.7,2017-01-02 23:59:48 GMT-06:00,60,1,1,1,32,2097152
21600,1170103000047005,PH:pshmc01-8205-E6C_0605B8T:SVR,1170103000046000,P740CEC16-R630-SN0605B8T,IBM,8205-E6C,0605B8T,0,1,16,8,8,8,131072,78080,52992,1,0,1.23,7.7,"152,01AL740",0,0,1.23,7.7,2017-01-02 23:59:48 GMT-06:00,60,1,1,1,16,131072
21600,1170103000047006,PH:pshmc01-8205-E6C_0605B7T:SVR,1170103000046000,P740CEC17-R642-SN0605B7T,IBM,8205-E6C,0605B7T,0,7,16,4.5,11.5,5,131072,70144,60928,1,0,1.13,7,"100,01AL740",0,0,1.13,7,2017-01-02 23:59:48 GMT-06:00,60,1,1,1,16,131072
21600,1170103000047007,PH:pshmc01-8205-E6D_10B3DCT:SVR,1170103000046000,P740CEC20-R646-SN10B3DCT,IBM,8205-E6D,10B3DCT,0,1,12,12,0,12,65536,65536,0,1,0,3.29,27.4,"52,01AL770",0,0,3.29,27.4,2017-01-02 23:52:48 GMT-06:00,300,1,1,1,12,65536
21600,1170103000047008,PH:pshmc01-9117-MMC_102D027:SVR,1170103000046000,P770CEC09-R630-SN102D027,IBM,9117-MMC,102D027,0,2,23,23,0,23,110592,110080,512,1,0,0.16,0.7,"109,01AM770",0,0,0.16,0.7,2017-01-02 23:59:48 GMT-06:00,60,1,1,1,32,131072
21600,1170103000047009,PH:pshmc01-8205-E6C_10D785R:SVR,1170103000046000,P740CEC15-R642-SN10D785R,IBM,8205-E6C,10D785R,0,1,16,10,6,10,65536,33280,32256,1,0,0.07,0.4,"159,01AL740",0,0,0.07,0.4,2017-01-02 23:59:48 GMT-06:00,60,1,1,1,16,65536
21600,1170103000047010,PH:pshmc01-8205-E6C_10D787R:SVR,1170103000046000,P740CEC14-R630-SN10D787R,IBM,8205-E6C,10D787R,0,1,16,10,6,10,65536,33280,32256,1,0,1.86,11.6,"159,01AL740",0,0,1.86,11.6,2017-01-02 23:59:48 GMT-06:00,60,1,1,1,16,65536
21600,1170103001547000,PH:pshmc01-9117-MMD_105A4F7:SVR,1170103001546000,P770CEC15-R648-SN105A4F7-VF3,IBM,9117-MMD,105A4F7,0,38,32,32,0,32,2097152,1125376,971776,1,0,6.96,21.8,"68,01AM760",0,0,6.96,21.8,2017-01-03 00:14:48 GMT-06:00,60,1,1,1,32,2097152
21600,1170103000047003,PH:pshmc01-9117-MMD_063DE97:SVR,1170103000046000,P770CEC14-R647-SN063DE97-VF3,IBM,9117-MMD,063DE97,0,32,32,30.7,1.3,31,1048576,1043200,5376,1,0,10.68,33.4,"75,01AM780",0,0,10.68,33.4,2017-01-02 23:59:48 GMT-06:00,60,1,1,1,32,1048576
21600,1170103001547002,PH:pshmc01-8205-E6D_10B3DDT:SVR,1170103001546000,P740CEC21-R647-SN10B3DDT,IBM,8205-E6D,10B3DDT,0,1,12,12,0,12,65536,65536,0,1,0,3.86,32.1,"52,01AL770",0,0,3.86,32.1,2017-01-03 00:12:48 GMT-06:00,300,1,1,1,12,65536
21600,1170103001547003,PH:pshmc01-9117-MMD_063DE97:SVR,1170103001546000,P770CEC14-R647-SN063DE97-VF3,IBM,9117-MMD,063DE97,0,32,32,30.7,1.3,31,1048576,1043200,5376,1,0,14.38,44.9,"75,01AM780",0,0,14.38,44.9,2017-01-03 00:14:48 GMT-06:00,60,1,1,1,32,1048576
21600,1170103001547004,PH:pshmc01-9117-MMD_105A4E7:SVR,1170103001546000,P770CEC16-R651-SN105A4E7-VF3,IBM,9117-MMD,105A4E7,0,36,32,32,0,32,2097152,1006592,1090560,1,0,10.63,33.2,"78,01AM760",0,0,10.63,33.2,2017-01-03 00:14:48 GMT-06:00,60,1,1,1,32,2097152
21600,1170103001547005,PH:pshmc01-8205-E6C_0605B8T:SVR,1170103001546000,P740CEC16-R630-SN0605B8T,IBM,8205-E6C,0605B8T,0,1,16,8,8,8,131072,78080,52992,1,0,1.33,8.3,"152,01AL740",0,0,1.33,8.3,2017-01-03 00:14:48 GMT-06:00,60,1,1,1,16,131072
21600,1170103001547006,PH:pshmc01-8205-E6C_0605B7T:SVR,1170103001546000,P740CEC17-R642-SN0605B7T,IBM,8205-E6C,0605B7T,0,7,16,4.5,11.5,5,131072,70144,60928,1,0,1.07,6.7,"100,01AL740",0,0,1.07,6.7,2017-01-03 00:14:48 GMT-06:00,60,1,1,1,16,131072
21600,1170103001547007,PH:pshmc01-8205-E6D_10B3DCT:SVR,1170103001546000,P740CEC20-R646-SN10B3DCT,IBM,8205-E6D,10B3DCT,0,1,12,12,0,12,65536,65536,0,1,0,4.26,35.5,"52,01AL770",0,0,4.26,35.5,2017-01-03 00:12:48 GMT-06:00,300,1,1,1,12,65536
21600,1170103001547008,PH:pshmc01-9117-MMC_102D027:SVR,1170103001546000,P770CEC09-R630-SN102D027,IBM,9117-MMC,102D027,0,2,23,23,0,23,110592,110080,512,1,0,0.17,0.7,"109,01AM770",0,0,0.17,0.7,2017-01-03 00:14:48 GMT-06:00,60,1,1,1,32,131072
21600,1170103001547009,PH:pshmc01-8205-E6C_10D785R:SVR,1170103001546000,P740CEC15-R642-SN10D785R,IBM,8205-E6C,10D785R,0,1,16,10,6,10,65536,33280,32256,1,0,0.06,0.4,"159,01AL740",0,0,0.06,0.4,2017-01-03 00:14:48 GMT-06:00,60,1,1,1,16,65536
21600,1170103001547001,PH:pshmc01-9117-MMC_102D017:SVR,1170103001546000,P770CEC10-R642-SN102D017,IBM,9117-MMC,102D017,0,2,23,23,0,23,110592,110080,512,1,0,3.29,14.3,"109,01AM770",0,0,3.29,14.3,2017-01-03 00:14:48 GMT-06:00,60,1,1,1,32,131072
21600,1170103003047000,PH:pshmc01-9117-MMD_105A4F7:SVR,1170103003046000,P770CEC15-R648-SN105A4F7-VF3,IBM,9117-MMD,105A4F7,0,38,32,32,0,32,2097152,1125376,971776,1,0,8.36,26.1,"68,01AM760",0,0,8.36,26.1,2017-01-03 00:29:48 GMT-06:00,60,1,1,1,32,2097152
21600,1170103003047001,PH:pshmc01-9117-MMC_102D017:SVR,1170103003046000,P770CEC10-R642-SN102D017,IBM,9117-MMC,102D017,0,2,23,23,0,23,110592,110080,512,1,0,2.74,11.9,"109,01AM770",0,0,2.74,11.9,2017-01-03 00:29:48 GMT-06:00,60,1,1,1,32,131072
21600,1170103003047002,PH:pshmc01-8205-E6D_10B3DDT:SVR,1170103003046000,P740CEC21-R647-SN10B3DDT,IBM,8205-E6D,10B3DDT,0,1,12,12,0,12,65536,65536,0,1,0,2.79,23.2,"52,01AL770",0,0,2.79,23.2,2017-01-03 00:27:48 GMT-06:00,300,1,1,1,12,65536
21600,1170103003047003,PH:pshmc01-9117-MMD_063DE97:SVR,1170103003046000,P770CEC14-R647-SN063DE97-VF3,IBM,9117-MMD,063DE97,0,32,32,30.7,1.3,31,1048576,1043200,5376,1,0,15.81,49.4,"75,01AM780",0,0,15.81,49.4,2017-01-03 00:29:48 GMT-06:00,60,1,1,1,32,1048576
21600,1170103003047004,PH:pshmc01-9117-MMD_105A4E7:SVR,1170103003046000,P770CEC16-R651-SN105A4E7-VF3,IBM,9117-MMD,105A4E7,0,36,32,32,0,32,2097152,1006592,1090560,1,0,11.61,36.3,"78,01AM760",0,0,11.61,36.3,2017-01-03 00:29:48 GMT-06:00,60,1,1,1,32,2097152
21600,1170103003047005,PH:pshmc01-8205-E6C_0605B8T:SVR,1170103003046000,P740CEC16-R630-SN0605B8T,IBM,8205-E6C,0605B8T,0,1,16,8,8,8,131072,78080,52992,1,0,0.29,1.8,"152,01AL740",0,0,0.29,1.8,2017-01-03 00:29:48 GMT-06:00,60,1,1,1,16,131072
21600,1170103003047006,PH:pshmc01-8205-E6C_0605B7T:SVR,1170103003046000,P740CEC17-R642-SN0605B7T,IBM,8205-E6C,0605B7T,0,7,16,4.5,11.5,5,131072,70144,60928,1,0,1.25,7.8,"100,01AL740",0,0,1.25,7.8,2017-01-03 00:29:48 GMT-06:00,60,1,1,1,16,131072
21600,1170103003047007,PH:pshmc01-8205-E6D_10B3DCT:SVR,1170103003046000,P740CEC20-R646-SN10B3DCT,IBM,8205-E6D,10B3DCT,0,1,12,12,0,12,65536,65536,0,1,0,4.25,35.4,"52,01AL770",0,0,4.25,35.4,2017-01-03 00:27:48 GMT-06:00,300,1,1,1,12,65536
21600,1170103001547010,PH:pshmc01-8205-E6C_10D787R:SVR,1170103001546000,P740CEC14-R630-SN10D787R,IBM,8205-E6C,10D787R,0,1,16,10,6,10,65536,33280,32256,1,0,1.21,7.6,"159,01AL740",0,0,1.21,7.6,2017-01-03 00:14:48 GMT-06:00,60,1,1,1,16,65536
21600,1170103003047009,PH:pshmc01-8205-E6C_10D785R:SVR,1170103003046000,P740CEC15-R642-SN10D785R,IBM,8205-E6C,10D785R,0,1,16,10,6,10,65536,33280,32256,1,0,0.06,0.4,"159,01AL740",0,0,0.06,0.4,2017-01-03 00:29:48 GMT-06:00,60,1,1,1,16,65536
21600,1170103003047010,PH:pshmc01-8205-E6C_10D787R:SVR,1170103003046000,P740CEC14-R630-SN10D787R,IBM,8205-E6C,10D787R,0,1,16,10,6,10,65536,33280,32256,1,0,1.13,7,"159,01AL740",0,0,1.13,7,2017-01-03 00:29:48 GMT-06:00,60,1,1,1,16,65536
21600,1170103004547000,PH:pshmc01-9117-MMD_105A4F7:SVR,1170103004546000,P770CEC15-R648-SN105A4F7-VF3,IBM,9117-MMD,105A4F7,0,38,32,32,0,32,2097152,1125376,971776,1,0,6.56,20.5,"68,01AM760",0,0,6.56,20.5,2017-01-03 00:43:49 GMT-06:00,60,1,1,1,32,2097152
21600,1170103004547001,PH:pshmc01-9117-MMC_102D017:SVR,1170103004546000,P770CEC10-R642-SN102D017,IBM,9117-MMC,102D017,0,2,23,23,0,23,110592,110080,512,1,0,2.97,12.9,"109,01AM770",0,0,2.97,12.9,2017-01-03 00:43:49 GMT-06:00,60,1,1,1,32,131072
21600,1170103004547002,PH:pshmc01-8205-E6D_10B3DDT:SVR,1170103004546000,P740CEC21-R647-SN10B3DDT,IBM,8205-E6D,10B3DDT,0,1,12,12,0,12,65536,65536,0,1,0,2.32,19.3,"52,01AL770",0,0,2.32,19.3,2017-01-03 00:37:49 GMT-06:00,300,1,1,1,12,65536
21600,1170103004547003,PH:pshmc01-9117-MMD_063DE97:SVR,1170103004546000,P770CEC14-R647-SN063DE97-VF3,IBM,9117-MMD,063DE97,0,32,32,30.7,1.3,31,1048576,1043200,5376,1,0,13.54,42.3,"75,01AM780",0,0,13.54,42.3,2017-01-03 00:43:49 GMT-06:00,60,1,1,1,32,1048576
21600,1170103004547004,PH:pshmc01-9117-MMD_105A4E7:SVR,1170103004546000,P770CEC16-R651-SN105A4E7-VF3,IBM,9117-MMD,105A4E7,0,36,32,32,0,32,2097152,1006592,1090560,1,0,10.92,34.1,"78,01AM760",0,0,10.92,34.1,2017-01-03 00:43:49 GMT-06:00,60,1,1,1,32,2097152
21600,1170103004547005,PH:pshmc01-8205-E6C_0605B8T:SVR,1170103004546000,P740CEC16-R630-SN0605B8T,IBM,8205-E6C,0605B8T,0,1,16,8,8,8,131072,78080,52992,1,0,0.65,4.1,"152,01AL740",0,0,0.65,4.1,2017-01-03 00:43:49 GMT-06:00,60,1,1,1,16,131072
21600,1170103003047008,PH:pshmc01-9117-MMC_102D027:SVR,1170103003046000,P770CEC09-R630-SN102D027,IBM,9117-MMC,102D027,0,2,23,23,0,23,110592,110080,512,1,0,0.17,0.8,"109,01AM770",0,0,0.17,0.8,2017-01-03 00:29:48 GMT-06:00,60,1,1,1,32,131072
21600,1170103004547007,PH:pshmc01-8205-E6D_10B3DCT:SVR,1170103004546000,P740CEC20-R646-SN10B3DCT,IBM,8205-E6D,10B3DCT,0,1,12,12,0,12,65536,65536,0,1,0,3.27,27.2,"52,01AL770",0,0,3.27,27.2,2017-01-03 00:37:49 GMT-06:00,300,1,1,1,12,65536
21600,1170103004547008,PH:pshmc01-9117-MMC_102D027:SVR,1170103004546000,P770CEC09-R630-SN102D027,IBM,9117-MMC,102D027,0,2,23,23,0,23,110592,110080,512,1,0,0.16,0.7,"109,01AM770",0,0,0.16,0.7,2017-01-03 00:43:49 GMT-06:00,60,1,1,1,32,131072
21600,1170103004547009,PH:pshmc01-8205-E6C_10D785R:SVR,1170103004546000,P740CEC15-R642-SN10D785R,IBM,8205-E6C,10D785R,0,1,16,10,6,10,65536,33280,32256,1,0,0.12,0.8,"159,01AL740",0,0,0.12,0.8,2017-01-03 00:43:49 GMT-06:00,60,1,1,1,16,65536
21600,1170103004547010,PH:pshmc01-8205-E6C_10D787R:SVR,1170103004546000,P740CEC14-R630-SN10D787R,IBM,8205-E6C,10D787R,0,1,16,10,6,10,65536,33280,32256,1,0,2.85,17.8,"159,01AL740",0,0,2.85,17.8,2017-01-03 00:43:49 GMT-06:00,60,1,1,1,16,65536
21600,1170103000048000,PH:pshmc11-8204-E8A_101B6C6:SVR,1170103000047000,P550CEC31-R617-SN101B6C6,IBM,8204-E8A,101B6C6,0,1,4,4,0,0,32768,32768,0,0,0,0.26,6.5,"143,01EL350",0.26,6.5,0,0,2017-01-02 23:40:14 GMT-06:00,300,1,1,1,4,32768
21600,1170103000048001,PH:pshmc11-8204-E8A_101B716:SVR,1170103000047000,P550CEC36-R616-SN101B716,IBM,8204-E8A,101B716,0,1,4,4,0,0,32768,32768,0,0,0,0.32,7.9,"143,01EL350",0.32,7.9,0,0,2017-01-02 23:40:13 GMT-06:00,300,1,1,1,4,32768
21600,1170103000048002,PH:pshmc11-8204-E8A_101B6D6:SVR,1170103000047000,P550CEC32-R617-SN101B6D6,IBM,8204-E8A,101B6D6,0,1,4,4,0,0,32768,32768,0,0,0,1.02,25.5,"143,01EL350",1.02,25.5,0,0,2017-01-02 23:40:13 GMT-06:00,300,1,1,1,4,32768
21600,1170103000048003,PH:pshmc11-8204-E8A_101B6B6:SVR,1170103000047000,P550CEC30-R616-SN101B6B6,IBM,8204-E8A,101B6B6,0,1,4,4,0,0,32768,32768,0,0,0,0.06,1.4,"143,01EL350",0.06,1.4,0,0,2017-01-02 23:40:14 GMT-06:00,300,1,1,1,4,32768
21600,1170103004547006,PH:pshmc01-8205-E6C_0605B7T:SVR,1170103004546000,P740CEC17-R642-SN0605B7T,IBM,8205-E6C,0605B7T,0,7,16,4.5,11.5,5,131072,70144,60928,1,0,0.61,3.8,"100,01AL740",0,0,0.61,3.8,2017-01-03 00:43:49 GMT-06:00,60,1,1,1,16,131072
21600,1170103000048005,PH:pshmc11-8204-E8A_101B706:SVR,1170103000047000,P550CEC35-R617-SN101B706,IBM,8204-E8A,101B706,0,1,4,4,0,0,32768,32768,0,0,0,1.03,25.8,"143,01EL350",1.03,25.8,0,0,2017-01-02 23:40:13 GMT-06:00,300,1,1,1,4,32768
21600,1170103000048006,PH:pshmc11-8204-E8A_101B6E6:SVR,1170103000047000,P550CEC33-R617-SN101B6E6,IBM,8204-E8A,101B6E6,0,1,4,4,0,0,32768,32768,0,0,0,0.13,3.2,"143,01EL350",0.13,3.2,0,0,2017-01-02 23:40:13 GMT-06:00,300,1,1,1,4,32768
21600,1170103001548000,PH:pshmc11-8204-E8A_101B6C6:SVR,1170103001547000,P550CEC31-R617-SN101B6C6,IBM,8204-E8A,101B6C6,0,1,4,4,0,0,32768,32768,0,0,0,0.24,6,"143,01EL350",0.24,6,0,0,2017-01-02 23:55:19 GMT-06:00,300,1,1,1,4,32768
21600,1170103001548001,PH:pshmc11-8204-E8A_101B716:SVR,1170103001547000,P550CEC36-R616-SN101B716,IBM,8204-E8A,101B716,0,1,4,4,0,0,32768,32768,0,0,0,0.59,14.7,"143,01EL350",0.59,14.7,0,0,2017-01-02 23:55:18 GMT-06:00,300,1,1,1,4,32768
21600,1170103001548002,PH:pshmc11-8204-E8A_101B6D6:SVR,1170103001547000,P550CEC32-R617-SN101B6D6,IBM,8204-E8A,101B6D6,0,1,4,4,0,0,32768,32768,0,0,0,0.31,7.9,"143,01EL350",0.31,7.9,0,0,2017-01-03 00:00:02 GMT-06:00,300,1,1,1,4,32768
21600,1170103001548003,PH:pshmc11-8204-E8A_101B6B6:SVR,1170103001547000,P550CEC30-R616-SN101B6B6,IBM,8204-E8A,101B6B6,0,1,4,4,0,0,32768,32768,0,0,0,0.13,3.3,"143,01EL350",0.13,3.3,0,0,2017-01-02 23:55:19 GMT-06:00,300,1,1,1,4,32768
21600,1170103001548004,PH:pshmc11-8204-E8A_101B6F6:SVR,1170103001547000,P550CEC34-R617-SN101B6F6,IBM,8204-E8A,101B6F6,0,1,4,4,0,0,32768,32768,0,0,0,0.15,3.9,"143,01EL350",0.15,3.9,0,0,2017-01-02 23:55:18 GMT-06:00,300,1,1,1,4,32768
21600,1170103001548005,PH:pshmc11-8204-E8A_101B706:SVR,1170103001547000,P550CEC35-R617-SN101B706,IBM,8204-E8A,101B706,0,1,4,4,0,0,32768,32768,0,0,0,1.32,33,"143,01EL350",1.32,33,0,0,2017-01-02 23:55:18 GMT-06:00,300,1,1,1,4,32768
21600,1170103000048004,PH:pshmc11-8204-E8A_101B6F6:SVR,1170103000047000,P550CEC34-R617-SN101B6F6,IBM,8204-E8A,101B6F6,0,1,4,4,0,0,32768,32768,0,0,0,0.14,3.4,"143,01EL350",0.14,3.4,0,0,2017-01-02 23:40:14 GMT-06:00,300,1,1,1,4,32768
21600,1170103003048000,PH:pshmc11-8204-E8A_101B6C6:SVR,1170103003047000,P550CEC31-R617-SN101B6C6,IBM,8204-E8A,101B6C6,0,1,4,4,0,0,32768,32768,0,0,0,0.22,5.4,"143,01EL350",0.22,5.4,0,0,2017-01-03 00:10:22 GMT-06:00,300,1,1,1,4,32768
21600,1170103003048001,PH:pshmc11-8204-E8A_101B716:SVR,1170103003047000,P550CEC36-R616-SN101B716,IBM,8204-E8A,101B716,0,1,4,4,0,0,32768,32768,0,0,0,0.32,8,"143,01EL350",0.32,8,0,0,2017-01-03 00:10:21 GMT-06:00,300,1,1,1,4,32768
21600,1170103003048002,PH:pshmc11-8204-E8A_101B6D6:SVR,1170103003047000,P550CEC32-R617-SN101B6D6,IBM,8204-E8A,101B6D6,0,1,4,4,0,0,32768,32768,0,0,0,0.3,7.6,"143,01EL350",0.3,7.6,0,0,2017-01-03 00:15:22 GMT-06:00,300,1,1,1,4,32768
21600,1170103003048003,PH:pshmc11-8204-E8A_101B6B6:SVR,1170103003047000,P550CEC30-R616-SN101B6B6,IBM,8204-E8A,101B6B6,0,1,4,4,0,0,32768,32768,0,0,0,0.05,1.4,"143,01EL350",0.05,1.4,0,0,2017-01-03 00:10:22 GMT-06:00,300,1,1,1,4,32768
21600,1170103003048004,PH:pshmc11-8204-E8A_101B6F6:SVR,1170103003047000,P550CEC34-R617-SN101B6F6,IBM,8204-E8A,101B6F6,0,1,4,4,0,0,32768,32768,0,0,0,0.14,3.4,"143,01EL350",0.14,3.4,0,0,2017-01-03 00:10:21 GMT-06:00,300,1,1,1,4,32768
21600,1170103003048005,PH:pshmc11-8204-E8A_101B706:SVR,1170103003047000,P550CEC35-R617-SN101B706,IBM,8204-E8A,101B706,0,1,4,4,0,0,32768,32768,0,0,0,1.04,25.9,"143,01EL350",1.04,25.9,0,0,2017-01-03 00:10:21 GMT-06:00,300,1,1,1,4,32768
21600,1170103003048006,PH:pshmc11-8204-E8A_101B6E6:SVR,1170103003047000,P550CEC33-R617-SN101B6E6,IBM,8204-E8A,101B6E6,0,1,4,4,0,0,32768,32768,0,0,0,0.13,3.2,"143,01EL350",0.13,3.2,0,0,2017-01-03 00:10:21 GMT-06:00,300,1,1,1,4,32768
21600,1170103004548000,PH:pshmc11-8204-E8A_101B6C6:SVR,1170103004547000,P550CEC31-R617-SN101B6C6,IBM,8204-E8A,101B6C6,0,1,4,4,0,0,32768,32768,0,0,0,0.22,5.4,"143,01EL350",0.22,5.4,0,0,2017-01-03 00:25:26 GMT-06:00,300,1,1,1,4,32768
21600,1170103001548006,PH:pshmc11-8204-E8A_101B6E6:SVR,1170103001547000,P550CEC33-R617-SN101B6E6,IBM,8204-E8A,101B6E6,0,1,4,4,0,0,32768,32768,0,0,0,0.16,3.9,"143,01EL350",0.16,3.9,0,0,2017-01-02 23:55:18 GMT-06:00,300,1,1,1,4,32768
21600,1170103004548002,PH:pshmc11-8204-E8A_101B6D6:SVR,1170103004547000,P550CEC32-R617-SN101B6D6,IBM,8204-E8A,101B6D6,0,1,4,4,0,0,32768,32768,0,0,0,0.3,7.5,"143,01EL350",0.3,7.5,0,0,2017-01-03 00:30:26 GMT-06:00,300,1,1,1,4,32768
21600,1170103004548003,PH:pshmc11-8204-E8A_101B6B6:SVR,1170103004547000,P550CEC30-R616-SN101B6B6,IBM,8204-E8A,101B6B6,0,1,4,4,0,0,32768,32768,0,0,0,0.05,1.4,"143,01EL350",0.05,1.4,0,0,2017-01-03 00:25:26 GMT-06:00,300,1,1,1,4,32768
21600,1170103004548004,PH:pshmc11-8204-E8A_101B6F6:SVR,1170103004547000,P550CEC34-R617-SN101B6F6,IBM,8204-E8A,101B6F6,0,1,4,4,0,0,32768,32768,0,0,0,0.13,3.4,"143,01EL350",0.13,3.4,0,0,2017-01-03 00:25:26 GMT-06:00,300,1,1,1,4,32768
21600,1170103004548005,PH:pshmc11-8204-E8A_101B706:SVR,1170103004547000,P550CEC35-R617-SN101B706,IBM,8204-E8A,101B706,0,1,4,4,0,0,32768,32768,0,0,0,1.02,25.5,"143,01EL350",1.02,25.5,0,0,2017-01-03 00:25:25 GMT-06:00,300,1,1,1,4,32768
21600,1170103004548006,PH:pshmc11-8204-E8A_101B6E6:SVR,1170103004547000,P550CEC33-R617-SN101B6E6,IBM,8204-E8A,101B6E6,0,1,4,4,0,0,32768,32768,0,0,0,0.13,3.2,"143,01EL350",0.13,3.2,0,0,2017-01-03 00:25:26 GMT-06:00,300,1,1,1,4,32768
21600,1170103004533000,PH:pshmc03-9113-550_06C4EFA:SVR,1170103004532000,P550CEC15-R164-SN06C4EFA,IBM,9113-550,06C4EFA,0,2,4,4,0,4,16384,16384,0,0,0,0.14,3.5,"338,01SF240",0,0,0.14,3.5,2017-01-03 00:40:37 GMT-06:00,300,1,1,1,4,16384
21600,1170103004533001,PH:pshmc03-9133-55A_10BCC4G:SVR,1170103004532000,P55ACEC7-R155-SN10BCC4G,IBM,9133-55A,10BCC4G,0,1,4,2,2,2,24576,6720,17856,0,0,0.05,1.3,"358,01SF240",0,0,0.05,1.3,2017-01-03 00:40:36 GMT-06:00,300,1,1,1,4,24576
21600,1170103004533002,PH:pshmc03-9133-55A_10BCC1G:SVR,1170103004532000,P55ACEC6-R155-SN10BCC1G,IBM,9133-55A,10BCC1G,0,1,4,4,0,0,8192,8192,0,0,0,-1,-1,"358,01SF240",-1,-1,-1,-1,NoSamples,300,1,1,0,4,8192
21600,1170103004548001,PH:pshmc11-8204-E8A_101B716:SVR,1170103004547000,P550CEC36-R616-SN101B716,IBM,8204-E8A,101B716,0,1,4,4,0,0,32768,32768,0,0,0,0.3,7.6,"143,01EL350",0.3,7.6,0,0,2017-01-03 00:25:25 GMT-06:00,300,1,1,1,4,32768
21600,1170103010033000,PH:pshmc03-9113-550_06C4EFA:SVR,1170103010032000,P550CEC15-R164-SN06C4EFA,IBM,9113-550,06C4EFA,0,2,4,4,0,4,16384,16384,0,0,0,0.14,3.6,"338,01SF240",0,0,0.14,3.6,2017-01-03 00:55:50 GMT-06:00,300,1,1,1,4,16384
21600,1170103010033001,PH:pshmc03-9133-55A_10BCC4G:SVR,1170103010032000,P55ACEC7-R155-SN10BCC4G,IBM,9133-55A,10BCC4G,0,1,4,2,2,2,24576,6720,17856,0,0,0.05,1.2,"358,01SF240",0,0,0.05,1.2,2017-01-03 00:55:49 GMT-06:00,300,1,1,1,4,24576
21600,1170103010033002,PH:pshmc03-9133-55A_10BCC1G:SVR,1170103010032000,P55ACEC6-R155-SN10BCC1G,IBM,9133-55A,10BCC1G,0,1,4,4,0,0,8192,8192,0,0,0,-1,-1,"358,01SF240",-1,-1,-1,-1,NoSamples,300,1,1,0,4,8192
21600,1170103010033003,PH:pshmc03-9113-550_10D987E:SVR,1170103010032000,P550CEC6-R155-SN10D987E,IBM,9113-550,10D987E,4,0,0,0,0,0,0,0,0,0,0,-1,-1,"unavailable,unavailable",-1,-1,-1,-1,NoSamples,-1,1,1,0,-1,-1
21600,1170103011533000,PH:pshmc03-9113-550_06C4EFA:SVR,1170103011532000,P550CEC15-R164-SN06C4EFA,IBM,9113-550,06C4EFA,0,2,4,4,0,4,16384,16384,0,0,0,0.13,3.2,"338,01SF240",0,0,0.13,3.2,2017-01-03 01:10:28 GMT-06:00,300,1,1,1,4,16384
21600,1170103011533001,PH:pshmc03-9133-55A_10BCC4G:SVR,1170103011532000,P55ACEC7-R155-SN10BCC4G,IBM,9133-55A,10BCC4G,0,1,4,2,2,2,24576,6720,17856,0,0,0.05,1.2,"358,01SF240",0,0,0.05,1.2,2017-01-03 01:10:27 GMT-06:00,300,1,1,1,4,24576
21600,1170103011533002,PH:pshmc03-9133-55A_10BCC1G:SVR,1170103011532000,P55ACEC6-R155-SN10BCC1G,IBM,9133-55A,10BCC1G,0,1,4,4,0,0,8192,8192,0,0,0,-1,-1,"358,01SF240",-1,-1,-1,-1,NoSamples,300,1,1,0,4,8192
21600,1170103011533003,PH:pshmc03-9113-550_10D987E:SVR,1170103011532000,P550CEC6-R155-SN10D987E,IBM,9113-550,10D987E,4,0,0,0,0,0,0,0,0,0,0,-1,-1,"unavailable,unavailable",-1,-1,-1,-1,NoSamples,-1,1,1,0,-1,-1
21600,1170103004533003,PH:pshmc03-9113-550_10D987E:SVR,1170103004532000,P550CEC6-R155-SN10D987E,IBM,9113-550,10D987E,4,0,0,0,0,0,0,0,0,0,0,-1,-1,"unavailable,unavailable",-1,-1,-1,-1,NoSamples,-1,1,1,0,-1,-1
21600,1170103013033001,PH:pshmc03-9133-55A_10BCC4G:SVR,1170103013032000,P55ACEC7-R155-SN10BCC4G,IBM,9133-55A,10BCC4G,0,1,4,2,2,2,24576,6720,17856,0,0,0.05,1.3,"358,01SF240",0,0,0.05,1.3,2017-01-03 01:25:40 GMT-06:00,300,1,1,1,4,24576
21600,1170103013033002,PH:pshmc03-9133-55A_10BCC1G:SVR,1170103013032000,P55ACEC6-R155-SN10BCC1G,IBM,9133-55A,10BCC1G,0,1,4,4,0,0,8192,8192,0,0,0,-1,-1,"358,01SF240",-1,-1,-1,-1,NoSamples,300,1,1,0,4,8192
21600,1170103013033003,PH:pshmc03-9113-550_10D987E:SVR,1170103013032000,P550CEC6-R155-SN10D987E,IBM,9113-550,10D987E,4,0,0,0,0,0,0,0,0,0,0,-1,-1,"unavailable,unavailable",-1,-1,-1,-1,NoSamples,-1,1,1,0,-1,-1
21600,1170103004535000,PH:achmc02-8284-22A_21BDADV:SVR,1170103004534000,AC822CEC04-R703-SN21BDADV,IBM,8284-22A,21BDADV,0,0,0,0,0,0,0,0,0,0,0,-1,-1,NotCollected,-1,-1,-1,-1,NoSamples,-1,1,1,0,-1,-1
21600,1170103004535001,PH:achmc02-8284-22A_21BDABV:SVR,1170103004534000,AC822CEC15-R905-SN21BDABV,IBM,8284-22A,21BDABV,0,0,0,0,0,0,0,0,0,0,0,-1,-1,NotCollected,-1,-1,-1,-1,NoSamples,-1,1,1,0,-1,-1
21600,1170103004535002,PH:achmc02-8284-22A_21BE31V:SVR,1170103004534000,DC822CEC02-R3828-SN21BE31V,IBM,8284-22A,21BE31V,0,0,0,0,0,0,0,0,0,0,0,-1,-1,NotCollected,-1,-1,-1,-1,NoSamples,-1,1,1,0,-1,-1
21600,1170103004535003,PH:achmc02-8284-22A_21BDA1V:SVR,1170103004534000,AC822CEC11-R901-SN21BDA1V,IBM,8284-22A,21BDA1V,0,0,0,0,0,0,0,0,0,0,0,-1,-1,NotCollected,-1,-1,-1,-1,NoSamples,-1,1,1,0,-1,-1
21600,1170103004535004,PH:achmc02-8284-22A_21BDA5V:SVR,1170103004534000,AC822CEC17-R906-SN21BDA5V,IBM,8284-22A,21BDA5V,0,0,0,0,0,0,0,0,0,0,0,-1,-1,NotCollected,-1,-1,-1,-1,NoSamples,-1,1,1,0,-1,-1
21600,1170103013033000,PH:pshmc03-9113-550_06C4EFA:SVR,1170103013032000,P550CEC15-R164-SN06C4EFA,IBM,9113-550,06C4EFA,0,2,4,4,0,4,16384,16384,0,0,0,0.13,3.4,"338,01SF240",0,0,0.13,3.4,2017-01-03 01:25:41 GMT-06:00,300,1,1,1,4,16384
21600,1170103004535006,PH:achmc02-8284-22A_21BDA7V:SVR,1170103004534000,AC822CEC02-R701-SN21BDA7V,IBM,8284-22A,21BDA7V,0,0,0,0,0,0,0,0,0,0,0,-1,-1,NotCollected,-1,-1,-1,-1,NoSamples,-1,1,1,0,-1,-1
21600,1170103004535007,PH:achmc02-8284-22A_21BE2FV:SVR,1170103004534000,DC822CEC05-R4028-SN21BE2FV,IBM,8284-22A,21BE2FV,0,0,0,0,0,0,0,0,0,0,0,-1,-1,NotCollected,-1,-1,-1,-1,NoSamples,-1,1,1,0,-1,-1
21600,1170103004535008,PH:achmc02-8286-42A_21DF43V:SVR,1170103004534000,DC824CEC01-R4029-SN21DF43V,IBM,8286-42A,21DF43V,0,0,0,0,0,0,0,0,0,0,0,-1,-1,NotCollected,-1,-1,-1,-1,NoSamples,-1,1,1,0,-1,-1
21600,1170103004535009,PH:achmc02-8284-22A_21BE30V:SVR,1170103004534000,DC822CEC04-R4028-SN21BE30V,IBM,8284-22A,21BE30V,0,0,0,0,0,0,0,0,0,0,0,-1,-1,NotCollected,-1,-1,-1,-1,NoSamples,-1,1,1,0,-1,-1
21600,1170103004535010,PH:achmc02-8284-22A_21BD9FV:SVR,1170103004534000,AC822CEC08-R706-SN21BD9FV,IBM,8284-22A,21BD9FV,0,0,12,8,4,0,524288,287232,237056,0,0,-1,-1,"118,01SV840",-1,-1,-1,-1,NoSamples,300,1,1,0,12,524288
21600,1170103004535011,PH:achmc02-8284-22A_21BD9CV:SVR,1170103004534000,AC822CEC13-R902-SN21BD9CV,IBM,8284-22A,21BD9CV,0,0,20,5,15,0,0,0,0,0,0,-1,-1,"118,01SV840",-1,-1,-1,-1,NoSamples,-1,1,1,0,20,-1
21600,1170103004535012,PH:achmc02-8284-22A_21BDA3V:SVR,1170103004534000,AC822CEC12-R901-SN21BDA3V,IBM,8284-22A,21BDA3V,0,0,0,0,0,0,0,0,0,0,0,-1,-1,NotCollected,-1,-1,-1,-1,NoSamples,-1,1,1,0,-1,-1
21600,1170103004535013,PH:achmc02-8284-22A_21BDACV:SVR,1170103004534000,AC822CEC09-R706-SN21BDACV,IBM,8284-22A,21BDACV,0,0,0,0,0,0,0,0,0,0,0,-1,-1,NotCollected,-1,-1,-1,-1,NoSamples,-1,1,1,0,-1,-1
21600,1170103004535005,PH:achmc02-8284-22A_21BDA4V:SVR,1170103004534000,AC822CEC05-R705-SN21BDA4V,IBM,8284-22A,21BDA4V,0,0,0,0,0,0,0,0,0,0,0,-1,-1,NotCollected,-1,-1,-1,-1,NoSamples,-1,1,1,0,-1,-1
21600,1170103004535015,PH:achmc02-8284-22A_21BDB0V:SVR,1170103004534000,AC822CEC10-R901-SN21BDB0V,IBM,8284-22A,21BDB0V,0,0,0,0,0,0,0,0,0,0,0,-1,-1,NotCollected,-1,-1,-1,-1,NoSamples,-1,1,1,0,-1,-1
21600,1170103004535016,PH:achmc02-8284-22A_21BDB2V:SVR,1170103004534000,AC822CEC07-R705-SN21BDB2V,IBM,8284-22A,21BDB2V,0,0,0,0,0,0,0,0,0,0,0,-1,-1,NotCollected,-1,-1,-1,-1,NoSamples,-1,1,1,0,-1,-1
21600,1170103004535017,PH:achmc02-8284-22A_21BDA8V:SVR,1170103004534000,AC822CEC16-R905-SN21BDA8V,IBM,8284-22A,21BDA8V,0,0,0,0,0,0,0,0,0,0,0,-1,-1,NotCollected,-1,-1,-1,-1,NoSamples,-1,1,1,0,-1,-1
21600,1170103004535018,PH:achmc02-8284-22A_21BDAAV:SVR,1170103004534000,AC822CEC06-R705-SN21BDAAV,IBM,8284-22A,21BDAAV,0,0,0,0,0,0,0,0,0,0,0,-1,-1,NotCollected,-1,-1,-1,-1,NoSamples,-1,1,1,0,-1,-1
21600,1170103004535019,PH:achmc02-8284-22A_21BDA9V:SVR,1170103004534000,AC822CEC01-R701-SN21BDA9V,IBM,8284-22A,21BDA9V,0,0,0,0,0,0,0,0,0,0,0,-1,-1,NotCollected,-1,-1,-1,-1,NoSamples,-1,1,1,0,-1,-1
21600,1170103004535020,PH:achmc02-8284-22A_21BD9EV:SVR,1170103004534000,AC822CEC14-R905-SN21BD9EV,IBM,8284-22A,21BD9EV,0,0,0,0,0,0,0,0,0,0,0,-1,-1,NotCollected,-1,-1,-1,-1,NoSamples,-1,1,1,0,-1,-1
21600,1170103004535021,PH:achmc02-8284-22A_21BE32V:SVR,1170103004534000,DC822CEC01-R3828-SN21BE32V,IBM,8284-22A,21BE32V,0,0,0,0,0,0,0,0,0,0,0,-1,-1,NotCollected,-1,-1,-1,-1,NoSamples,-1,1,1,0,-1,-1
21600,1170103004535022,PH:achmc02-8286-42A_21DF42V:SVR,1170103004534000,AC824CEC01-R703-SN21DF42V,IBM,8286-42A,21DF42V,0,0,0,0,0,0,0,0,0,0,0,-1,-1,NotCollected,-1,-1,-1,-1,NoSamples,-1,1,1,0,-1,-1
21600,1170103004535014,PH:achmc02-8284-22A_21BD9DV:SVR,1170103004534000,DC822CEC03-R3829-SN21BD9DV,IBM,8284-22A,21BD9DV,0,0,0,0,0,0,0,0,0,0,0,-1,-1,NotCollected,-1,-1,-1,-1,NoSamples,-1,1,1,0,-1,-1
21600,1170103010035000,PH:achmc02-8284-22A_21BDADV:SVR,1170103010034000,AC822CEC04-R703-SN21BDADV,IBM,8284-22A,21BDADV,0,0,0,0,0,0,0,0,0,0,0,-1,-1,NotCollected,-1,-1,-1,-1,NoSamples,-1,1,1,0,-1,-1
21600,1170103010035001,PH:achmc02-8284-22A_21BDABV:SVR,1170103010034000,AC822CEC15-R905-SN21BDABV,IBM,8284-22A,21BDABV,0,0,0,0,0,0,0,0,0,0,0,-1,-1,NotCollected,-1,-1,-1,-1,NoSamples,-1,1,1,0,-1,-1
21600,1170103010035002,PH:achmc02-8284-22A_21BE31V:SVR,1170103010034000,DC822CEC02-R3828-SN21BE31V,IBM,8284-22A,21BE31V,0,0,0,0,0,0,0,0,0,0,0,-1,-1,NotCollected,-1,-1,-1,-1,NoSamples,-1,1,1,0,-1,-1
21600,1170103010035003,PH:achmc02-8284-22A_21BDA1V:SVR,1170103010034000,AC822CEC11-R901-SN21BDA1V,IBM,8284-22A,21BDA1V,0,0,12,11,1,0,0,0,0,0,0,-1,-1,"118,01SV840",-1,-1,-1,-1,NoSamples,-1,1,1,0,12,-1
21600,1170103010035004,PH:achmc02-8284-22A_21BDA5V:SVR,1170103010034000,AC822CEC17-R906-SN21BDA5V,IBM,8284-22A,21BDA5V,0,0,0,0,0,0,0,0,0,0,0,-1,-1,NotCollected,-1,-1,-1,-1,NoSamples,-1,1,1,0,-1,-1
21600,1170103010035005,PH:achmc02-8284-22A_21BDA4V:SVR,1170103010034000,AC822CEC05-R705-SN21BDA4V,IBM,8284-22A,21BDA4V,0,0,12,8,4,0,524288,287232,237056,0,0,-1,-1,"118,01SV840",-1,-1,-1,-1,NoSamples,300,1,1,0,12,524288
21600,1170103010035006,PH:achmc02-8284-22A_21BDA7V:SVR,1170103010034000,AC822CEC02-R701-SN21BDA7V,IBM,8284-22A,21BDA7V,0,0,0,0,0,0,0,0,0,0,0,-1,-1,NotCollected,-1,-1,-1,-1,NoSamples,-1,1,1,0,-1,-1
21600,1170103010035007,PH:achmc02-8284-22A_21BE2FV:SVR,1170103010034000,DC822CEC05-R4028-SN21BE2FV,IBM,8284-22A,21BE2FV,0,0,0,0,0,0,0,0,0,0,0,-1,-1,NotCollected,-1,-1,-1,-1,NoSamples,-1,1,1,0,-1,-1
21600,1170103004535023,PH:achmc02-8284-22A_21BDB1V:SVR,1170103004534000,AC822CEC03-R701-SN21BDB1V,IBM,8284-22A,21BDB1V,0,0,0,0,0,0,0,0,0,0,0,-1,-1,NotCollected,-1,-1,-1,-1,NoSamples,-1,1,1,0,-1,-1
21600,1170103010035009,PH:achmc02-8284-22A_21BE30V:SVR,1170103010034000,DC822CEC04-R4028-SN21BE30V,IBM,8284-22A,21BE30V,0,0,0,0,0,0,0,0,0,0,0,-1,-1,NotCollected,-1,-1,-1,-1,NoSamples,-1,1,1,0,-1,-1
21600,1170103010035010,PH:achmc02-8284-22A_21BD9FV:SVR,1170103010034000,AC822CEC08-R706-SN21BD9FV,IBM,8284-22A,21BD9FV,0,0,0,0,0,0,0,0,0,0,0,-1,-1,NotCollected,-1,-1,-1,-1,NoSamples,-1,1,1,0,-1,-1
21600,1170103010035011,PH:achmc02-8284-22A_21BD9CV:SVR,1170103010034000,AC822CEC13-R902-SN21BD9CV,IBM,8284-22A,21BD9CV,0,0,0,0,0,0,0,0,0,0,0,-1,-1,NotCollected,-1,-1,-1,-1,NoSamples,-1,1,1,0,-1,-1
21600,1170103010035012,PH:achmc02-8284-22A_21BDA3V:SVR,1170103010034000,AC822CEC12-R901-SN21BDA3V,IBM,8284-22A,21BDA3V,0,0,0,0,0,0,0,0,0,0,0,-1,-1,NotCollected,-1,-1,-1,-1,NoSamples,-1,1,1,0,-1,-1
21600,1170103010035013,PH:achmc02-8284-22A_21BDACV:SVR,1170103010034000,AC822CEC09-R706-SN21BDACV,IBM,8284-22A,21BDACV,0,0,0,0,0,0,0,0,0,0,0,-1,-1,NotCollected,-1,-1,-1,-1,NoSamples,-1,1,1,0,-1,-1
21600,1170103010035014,PH:achmc02-8284-22A_21BD9DV:SVR,1170103010034000,DC822CEC03-R3829-SN21BD9DV,IBM,8284-22A,21BD9DV,0,0,0,0,0,0,0,0,0,0,0,-1,-1,NotCollected,-1,-1,-1,-1,NoSamples,-1,1,1,0,-1,-1
21600,1170103010035015,PH:achmc02-8284-22A_21BDB0V:SVR,1170103010034000,AC822CEC10-R901-SN21BDB0V,IBM,8284-22A,21BDB0V,0,0,0,0,0,0,0,0,0,0,0,-1,-1,NotCollected,-1,-1,-1,-1,NoSamples,-1,1,1,0,-1,-1
21600,1170103010035016,PH:achmc02-8284-22A_21BDB2V:SVR,1170103010034000,AC822CEC07-R705-SN21BDB2V,IBM,8284-22A,21BDB2V,0,0,0,0,0,0,0,0,0,0,0,-1,-1,NotCollected,-1,-1,-1,-1,NoSamples,-1,1,1,0,-1,-1
21600,1170103010035008,PH:achmc02-8286-42A_21DF43V:SVR,1170103010034000,DC824CEC01-R4029-SN21DF43V,IBM,8286-42A,21DF43V,0,0,0,0,0,0,0,0,0,0,0,-1,-1,NotCollected,-1,-1,-1,-1,NoSamples,-1,1,1,0,-1,-1
21600,1170103010035018,PH:achmc02-8284-22A_21BDAAV:SVR,1170103010034000,AC822CEC06-R705-SN21BDAAV,IBM,8284-22A,21BDAAV,0,0,0,0,0,0,0,0,0,0,0,-1,-1,NotCollected,-1,-1,-1,-1,NoSamples,-1,1,1,0,-1,-1
21600,1170103010035019,PH:achmc02-8284-22A_21BDA9V:SVR,1170103010034000,AC822CEC01-R701-SN21BDA9V,IBM,8284-22A,21BDA9V,0,0,0,0,0,0,0,0,0,0,0,-1,-1,NotCollected,-1,-1,-1,-1,NoSamples,-1,1,1,0,-1,-1
21600,1170103010035020,PH:achmc02-8284-22A_21BD9EV:SVR,1170103010034000,AC822CEC14-R905-SN21BD9EV,IBM,8284-22A,21BD9EV,0,0,0,0,0,0,0,0,0,0,0,-1,-1,NotCollected,-1,-1,-1,-1,NoSamples,-1,1,1,0,-1,-1
21600,1170103010035021,PH:achmc02-8284-22A_21BE32V:SVR,1170103010034000,DC822CEC01-R3828-SN21BE32V,IBM,8284-22A,21BE32V,0,0,0,0,0,0,0,0,0,0,0,-1,-1,NotCollected,-1,-1,-1,-1,NoSamples,-1,1,1,0,-1,-1
21600,1170103010035022,PH:achmc02-8286-42A_21DF42V:SVR,1170103010034000,AC824CEC01-R703-SN21DF42V,IBM,8286-42A,21DF42V,0,0,0,0,0,0,0,0,0,0,0,-1,-1,NotCollected,-1,-1,-1,-1,NoSamples,-1,1,1,0,-1,-1
21600,1170103010035023,PH:achmc02-8284-22A_21BDB1V:SVR,1170103010034000,AC822CEC03-R701-SN21BDB1V,IBM,8284-22A,21BDB1V,0,0,0,0,0,0,0,0,0,0,0,-1,-1,NotCollected,-1,-1,-1,-1,NoSamples,-1,1,1,0,-1,-1
21600,1170103011535000,PH:achmc02-8284-22A_21BDADV:SVR,1170103011534000,AC822CEC04-R703-SN21BDADV,IBM,8284-22A,21BDADV,0,0,0,0,0,0,0,0,0,0,0,-1,-1,NotCollected,-1,-1,-1,-1,NoSamples,-1,1,1,0,-1,-1
21600,1170103011535001,PH:achmc02-8284-22A_21BDABV:SVR,1170103011534000,AC822CEC15-R905-SN21BDABV,IBM,8284-22A,21BDABV,0,0,0,0,0,0,0,0,0,0,0,-1,-1,NotCollected,-1,-1,-1,-1,NoSamples,-1,1,1,0,-1,-1
21600,1170103010035017,PH:achmc02-8284-22A_21BDA8V:SVR,1170103010034000,AC822CEC16-R905-SN21BDA8V,IBM,8284-22A,21BDA8V,0,0,0,0,0,0,0,0,0,0,0,-1,-1,NotCollected,-1,-1,-1,-1,NoSamples,-1,1,1,0,-1,-1
21600,1170103011535003,PH:achmc02-8284-22A_21BDA1V:SVR,1170103011534000,AC822CEC11-R901-SN21BDA1V,IBM,8284-22A,21BDA1V,0,0,0,0,0,0,0,0,0,0,0,-1,-1,NotCollected,-1,-1,-1,-1,NoSamples,-1,1,1,0,-1,-1
21600,1170103011535004,PH:achmc02-8284-22A_21BDA5V:SVR,1170103011534000,AC822CEC17-R906-SN21BDA5V,IBM,8284-22A,21BDA5V,0,0,12,8,4,0,0,0,0,0,0,-1,-1,"118,01SV840",-1,-1,-1,-1,NoSamples,-1,1,1,0,12,-1
21600,1170103011535005,PH:achmc02-8284-22A_21BDA4V:SVR,1170103011534000,AC822CEC05-R705-SN21BDA4V,IBM,8284-22A,21BDA4V,0,0,0,0,0,0,0,0,0,0,0,-1,-1,NotCollected,-1,-1,-1,-1,NoSamples,-1,1,1,0,-1,-1
21600,1170103011535006,PH:achmc02-8284-22A_21BDA7V:SVR,1170103011534000,AC822CEC02-R701-SN21BDA7V,IBM,8284-22A,21BDA7V,0,0,0,0,0,0,0,0,0,0,0,-1,-1,NotCollected,-1,-1,-1,-1,NoSamples,-1,1,1,0,-1,-1
21600,1170103011535007,PH:achmc02-8284-22A_21BE2FV:SVR,1170103011534000,DC822CEC05-R4028-SN21BE2FV,IBM,8284-22A,21BE2FV,0,0,0,0,0,0,0,0,0,0,0,-1,-1,NotCollected,-1,-1,-1,-1,NoSamples,-1,1,1,0,-1,-1
21600,1170103011535008,PH:achmc02-8286-42A_21DF43V:SVR,1170103011534000,DC824CEC01-R4029-SN21DF43V,IBM,8286-42A,21DF43V,0,0,0,0,0,0,0,0,0,0,0,-1,-1,NotCollected,-1,-1,-1,-1,NoSamples,-1,1,1,0,-1,-1
21600,1170103011535009,PH:achmc02-8284-22A_21BE30V:SVR,1170103011534000,DC822CEC04-R4028-SN21BE30V,IBM,8284-22A,21BE30V,0,0,20,2,18,0,524288,22528,501760,0,0,-1,-1,"132,01SV840",-1,-1,-1,-1,NoSamples,300,1,1,0,20,524288
21600,1170103011535010,PH:achmc02-8284-22A_21BD9FV:SVR,1170103011534000,AC822CEC08-R706-SN21BD9FV,IBM,8284-22A,21BD9FV,0,0,0,0,0,0,0,0,0,0,0,-1,-1,NotCollected,-1,-1,-1,-1,NoSamples,-1,1,1,0,-1,-1
21600,1170103011535002,PH:achmc02-8284-22A_21BE31V:SVR,1170103011534000,DC822CEC02-R3828-SN21BE31V,IBM,8284-22A,21BE31V,0,0,0,0,0,0,0,0,0,0,0,-1,-1,NotCollected,-1,-1,-1,-1,NoSamples,-1,1,1,0,-1,-1
21600,1170103011535012,PH:achmc02-8284-22A_21BDA3V:SVR,1170103011534000,AC822CEC12-R901-SN21BDA3V,IBM,8284-22A,21BDA3V,0,0,0,0,0,0,0,0,0,0,0,-1,-1,NotCollected,-1,-1,-1,-1,NoSamples,-1,1,1,0,-1,-1
