TMZDIFF,WRITETIME,Node,Timestamp,CEC_name,CEC_Mfg,CEC_Model,CEC_SN,State,Num_Partitions,CPU_Total,CPU_allocated,CPU_unallocated,Total_Shared_CPUs,Total_Mem_MB,Allocated_Mem_MB,Unallocated_Mem_MB,Num_proc_pools,Num_mem_pools,CPU_Units_Used,CPU_Used_Pct,Firmware_Version,Dedicated_CPU_Units_Used,Dedicated_CPU_Used_Pct,Shared_CPU_Units_Used,Shared_CPU_Used_Pct,Sample_Timestamp,Sample_Interval,ICDIS,IMDIS,IPDIS,Subnode_MSN,Total_Installed_CPUs,Total_Installed_Memory_MB
21600,1170103001532002,pshmc03:aixdc148:PH,1170103001531000,P550CEC6-R155-SN10D987E,IBM,9113-550,10D987E,4,0,0,0,0,0,0,0,0,0,0,-1,-1,"unavailable,unavailable",-1,-1,-1,-1,NoSamples,-1,1,1,0,PH:pshmc03-9113-550_10D987E:SVR,-1,-1
21600,1170103001532003,pshmc03:aixdc148:PH,1170103001531000,P55ACEC6-R155-SN10BCC1G,IBM,9133-55A,10BCC1G,0,1,4,4,0,0,8192,8192,0,0,0,-1,-1,"358,01SF240",-1,-1,-1,-1,NoSamples,300,1,1,0,PH:pshmc03-9133-55A_10BCC1G:SVR,4,8192
21600,1170103000032000,pshmc03:aixdc148:PH,1170103000031000,P55ACEC7-R155-SN10BCC4G,IBM,9133-55A,10BCC4G,0,1,4,2,2,2,24576,6720,17856,0,0,0.04,1.1,"358,01SF240",0,0,0.04,1.1,2017-01-02 23:50:58 GMT-06:00,300,1,1,1,PH:pshmc03-9133-55A_10BCC4G:SVR,4,24576
21600,1170103000032001,pshmc03:aixdc148:PH,1170103000031000,P550CEC15-R164-SN06C4EFA,IBM,9113-550,06C4EFA,0,2,4,4,0,4,16384,16384,0,0,0,0.16,3.9,"338,01SF240",0,0,0.16,3.9,2017-01-02 23:56:03 GMT-06:00,300,1,1,1,PH:pshmc03-9113-550_06C4EFA:SVR,4,16384
21600,1170103000032002,pshmc03:aixdc148:PH,1170103000031000,P550CEC6-R155-SN10D987E,IBM,9113-550,10D987E,4,0,0,0,0,0,0,0,0,0,0,-1,-1,"unavailable,unavailable",-1,-1,-1,-1,NoSamples,-1,1,1,0,PH:pshmc03-9113-550_10D987E:SVR,-1,-1
21600,1170103000032003,pshmc03:aixdc148:PH,1170103000031000,P55ACEC6-R155-SN10BCC1G,IBM,9133-55A,10BCC1G,0,1,4,4,0,0,8192,8192,0,0,0,-1,-1,"358,01SF240",-1,-1,-1,-1,NoSamples,300,1,1,0,PH:pshmc03-9133-55A_10BCC1G:SVR,4,8192
21600,1170103001532000,pshmc03:aixdc148:PH,1170103001531000,P55ACEC7-R155-SN10BCC4G,IBM,9133-55A,10BCC4G,0,1,4,2,2,2,24576,6720,17856,0,0,0.18,4.5,"358,01SF240",0,0,0.18,4.5,2017-01-03 00:10:10 GMT-06:00,300,1,1,1,PH:pshmc03-9133-55A_10BCC4G:SVR,4,24576
21600,1170103001532001,pshmc03:aixdc148:PH,1170103001531000,P550CEC15-R164-SN06C4EFA,IBM,9113-550,06C4EFA,0,2,4,4,0,4,16384,16384,0,0,0,0.25,6.4,"338,01SF240",0,0,0.25,6.4,2017-01-03 00:10:11 GMT-06:00,300,1,1,1,PH:pshmc03-9113-550_06C4EFA:SVR,4,16384
21600,1170103003032000,pshmc03:aixdc148:PH,1170103003031000,P55ACEC6-R155-SN10BCC1G,IBM,9133-55A,10BCC1G,0,1,4,4,0,0,8192,8192,0,0,0,-1,-1,"358,01SF240",-1,-1,-1,-1,NoSamples,300,1,1,0,PH:pshmc03-9133-55A_10BCC1G:SVR,4,8192
21600,1170103003032001,pshmc03:aixdc148:PH,1170103003031000,P550CEC15-R164-SN06C4EFA,IBM,9113-550,06C4EFA,0,2,4,4,0,4,16384,16384,0,0,0,0.15,3.7,"338,01SF240",0,0,0.15,3.7,2017-01-03 00:20:21 GMT-06:00,300,1,1,1,PH:pshmc03-9113-550_06C4EFA:SVR,4,16384
21600,1170103003032002,pshmc03:aixdc148:PH,1170103003031000,P55ACEC7-R155-SN10BCC4G,IBM,9133-55A,10BCC4G,0,1,4,2,2,2,24576,6720,17856,0,0,0.05,1.3,"358,01SF240",0,0,0.05,1.3,2017-01-03 00:25:24 GMT-06:00,300,1,1,1,PH:pshmc03-9133-55A_10BCC4G:SVR,4,24576
21600,1170103003032003,pshmc03:aixdc148:PH,1170103003031000,P550CEC6-R155-SN10D987E,IBM,9113-550,10D987E,4,0,0,0,0,0,0,0,0,0,0,-1,-1,"unavailable,unavailable",-1,-1,-1,-1,NoSamples,-1,1,1,0,PH:pshmc03-9113-550_10D987E:SVR,-1,-1
21600,1170103000034000,achmc01:aixdc127:PH,1170103000033000,DC870CEC03-R4032-SN103BBB7-VF4,IBM,9119-MME,103BBB7,0,0,8,5.5,2.5,0,0,0,0,0,0,-1,-1,"104,01SC840",-1,-1,-1,-1,NoSamples,-1,1,1,0,PH:achmc01-9119-MME_103BBB7:SVR,64,-1
21600,1170103000034001,achmc01:aixdc127:PH,1170103000033000,AC870CEC01-R704-SN219F1D7-VF5,IBM,9119-MME,219F1D7,0,0,29,27.7,1.3,0,1036288,957440,78848,0,0,-1,-1,"68,01SC830",-1,-1,-1,-1,NoSamples,300,1,1,0,PH:achmc01-9119-MME_219F1D7:SVR,64,2097152
21600,1170103000034002,achmc01:aixdc127:PH,1170103000033000,AC770CEC01-R706-SN107B2C7,IBM,9117-MMD,107B2C7,0,0,0,0,0,0,0,0,0,0,0,-1,-1,NotCollected,-1,-1,-1,-1,NoSamples,-1,1,1,0,PH:achmc01-9117-MMD_107B2C7:SVR,-1,-1
21600,1170103000034003,achmc01:aixdc127:PH,1170103000033000,AC870CEC02-R903-SN219F1C7-VF5,IBM,9119-MME,219F1C7,0,0,0,0,0,0,0,0,0,0,0,-1,-1,NotCollected,-1,-1,-1,-1,NoSamples,-1,1,1,0,PH:achmc01-9119-MME_219F1C7:SVR,-1,-1
21600,1170103000034004,achmc01:aixdc127:PH,1170103000033000,DC870CEC02-R3832-SN063DE87-VF4,IBM,9119-MME,063DE87,0,0,0,0,0,0,0,0,0,0,0,-1,-1,NotCollected,-1,-1,-1,-1,NoSamples,-1,1,1,0,PH:achmc01-9119-MME_063DE87:SVR,-1,-1
21600,1170103000034005,achmc01:aixdc127:PH,1170103000033000,AC870CEC03-R904-SN219F1E7-VF5,IBM,9119-MME,219F1E7,0,0,0,0,0,0,0,0,0,0,0,-1,-1,NotCollected,-1,-1,-1,-1,NoSamples,-1,1,1,0,PH:achmc01-9119-MME_219F1E7:SVR,-1,-1
21600,1170103000034006,achmc01:aixdc127:PH,1170103000033000,DC870CEC01-R3831-SN103BBC7-VF4,IBM,9119-MME,103BBC7,0,0,0,0,0,0,0,0,0,0,0,-1,-1,NotCollected,-1,-1,-1,-1,NoSamples,-1,1,1,0,PH:achmc01-9119-MME_103BBC7:SVR,-1,-1
21600,1170103001534000,achmc01:aixdc127:PH,1170103001533000,DC870CEC02-R3832-SN063DE87-VF4,IBM,9119-MME,063DE87,0,0,8,4,4,0,536576,46336,490240,0,0,-1,-1,"104,01SC840",-1,-1,-1,-1,NoSamples,300,1,1,0,PH:achmc01-9119-MME_063DE87:SVR,64,1048576
21600,1170103001534001,achmc01:aixdc127:PH,1170103001533000,AC870CEC02-R903-SN219F1C7-VF5,IBM,9119-MME,219F1C7,0,0,35,34.1,0.9,0,0,0,0,0,0,-1,-1,"68,01SC830",-1,-1,-1,-1,NoSamples,-1,1,1,0,PH:achmc01-9119-MME_219F1C7:SVR,64,-1
21600,1170103001534002,achmc01:aixdc127:PH,1170103001533000,DC870CEC03-R4032-SN103BBB7-VF4,IBM,9119-MME,103BBB7,0,0,0,0,0,0,0,0,0,0,0,-1,-1,NotCollected,-1,-1,-1,-1,NoSamples,-1,1,1,0,PH:achmc01-9119-MME_103BBB7:SVR,-1,-1
21600,1170103001534003,achmc01:aixdc127:PH,1170103001533000,AC770CEC01-R706-SN107B2C7,IBM,9117-MMD,107B2C7,0,0,0,0,0,0,0,0,0,0,0,-1,-1,NotCollected,-1,-1,-1,-1,NoSamples,-1,1,1,0,PH:achmc01-9117-MMD_107B2C7:SVR,-1,-1
21600,1170103001534004,achmc01:aixdc127:PH,1170103001533000,AC870CEC03-R904-SN219F1E7-VF5,IBM,9119-MME,219F1E7,0,0,0,0,0,0,0,0,0,0,0,-1,-1,NotCollected,-1,-1,-1,-1,NoSamples,-1,1,1,0,PH:achmc01-9119-MME_219F1E7:SVR,-1,-1
21600,1170103001534005,achmc01:aixdc127:PH,1170103001533000,AC870CEC01-R704-SN219F1D7-VF5,IBM,9119-MME,219F1D7,0,0,0,0,0,0,0,0,0,0,0,-1,-1,NotCollected,-1,-1,-1,-1,NoSamples,-1,1,1,0,PH:achmc01-9119-MME_219F1D7:SVR,-1,-1
21600,1170103003034000,achmc01:aixdc127:PH,1170103003033000,AC870CEC01-R704-SN219F1D7-VF5,IBM,9119-MME,219F1D7,0,0,29,27.7,1.3,0,1036288,957440,78848,0,0,-1,-1,"68,01SC830",-1,-1,-1,-1,NoSamples,300,1,1,0,PH:achmc01-9119-MME_219F1D7:SVR,64,2097152
21600,1170103003034001,achmc01:aixdc127:PH,1170103003033000,AC770CEC01-R706-SN107B2C7,IBM,9117-MMD,107B2C7,0,0,16,13,3,0,0,0,0,0,0,-1,-1,"80,01AM780",-1,-1,-1,-1,NoSamples,-1,1,1,0,PH:achmc01-9117-MMD_107B2C7:SVR,16,-1
21600,1170103003034002,achmc01:aixdc127:PH,1170103003033000,DC870CEC02-R3832-SN063DE87-VF4,IBM,9119-MME,063DE87,0,0,0,0,0,0,0,0,0,0,0,-1,-1,NotCollected,-1,-1,-1,-1,NoSamples,-1,1,1,0,PH:achmc01-9119-MME_063DE87:SVR,-1,-1
21600,1170103003034003,achmc01:aixdc127:PH,1170103003033000,DC870CEC01-R3831-SN103BBC7-VF4,IBM,9119-MME,103BBC7,0,0,0,0,0,0,0,0,0,0,0,-1,-1,NotCollected,-1,-1,-1,-1,NoSamples,-1,1,1,0,PH:achmc01-9119-MME_103BBC7:SVR,-1,-1
21600,1170103003034004,achmc01:aixdc127:PH,1170103003033000,AC870CEC03-R904-SN219F1E7-VF5,IBM,9119-MME,219F1E7,0,0,0,0,0,0,0,0,0,0,0,-1,-1,NotCollected,-1,-1,-1,-1,NoSamples,-1,1,1,0,PH:achmc01-9119-MME_219F1E7:SVR,-1,-1
21600,1170103003034005,achmc01:aixdc127:PH,1170103003033000,DC870CEC03-R4032-SN103BBB7-VF4,IBM,9119-MME,103BBB7,0,0,0,0,0,0,0,0,0,0,0,-1,-1,NotCollected,-1,-1,-1,-1,NoSamples,-1,1,1,0,PH:achmc01-9119-MME_103BBB7:SVR,-1,-1
21600,1170103003034006,achmc01:aixdc127:PH,1170103003033000,AC870CEC02-R903-SN219F1C7-VF5,IBM,9119-MME,219F1C7,0,0,0,0,0,0,0,0,0,0,0,-1,-1,NotCollected,-1,-1,-1,-1,NoSamples,-1,1,1,0,PH:achmc01-9119-MME_219F1C7:SVR,-1,-1
21600,1170103001534006,achmc01:aixdc127:PH,1170103001533000,DC870CEC01-R3831-SN103BBC7-VF4,IBM,9119-MME,103BBC7,0,0,0,0,0,0,0,0,0,0,0,-1,-1,NotCollected,-1,-1,-1,-1,NoSamples,-1,1,1,0,PH:achmc01-9119-MME_103BBC7:SVR,-1,-1
21600,1170103000034000,achmc02:aixdc127:PH,1170103000033000,AC822CEC10-R901-SN21BDB0V,IBM,8284-22A,21BDB0V,0,0,20,17,3,0,524288,319744,204544,0,0,-1,-1,"118,01SV840",-1,-1,-1,-1,NoSamples,300,1,1,0,PH:achmc02-8284-22A_21BDB0V:SVR,20,524288
21600,1170103000034001,achmc02:aixdc127:PH,1170103000033000,AC822CEC03-R701-SN21BDB1V,IBM,8284-22A,21BDB1V,0,0,20,18,2,0,0,0,0,0,0,-1,-1,"118,01SV840",-1,-1,-1,-1,NoSamples,-1,1,1,0,PH:achmc02-8284-22A_21BDB1V:SVR,20,-1
21600,1170103000034002,achmc02:aixdc127:PH,1170103000033000,DC822CEC02-R3828-SN21BE31V,IBM,8284-22A,21BE31V,0,0,0,0,0,0,0,0,0,0,0,-1,-1,NotCollected,-1,-1,-1,-1,NoSamples,-1,1,1,0,PH:achmc02-8284-22A_21BE31V:SVR,-1,-1
21600,1170103000034005,achmc02:aixdc127:PH,1170103000033000,AC822CEC12-R901-SN21BDA3V,IBM,8284-22A,21BDA3V,0,0,0,0,0,0,0,0,0,0,0,-1,-1,NotCollected,-1,-1,-1,-1,NoSamples,-1,1,1,0,PH:achmc02-8284-22A_21BDA3V:SVR,-1,-1
21600,1170103000034006,achmc02:aixdc127:PH,1170103000033000,AC822CEC06-R705-SN21BDAAV,IBM,8284-22A,21BDAAV,0,0,0,0,0,0,0,0,0,0,0,-1,-1,NotCollected,-1,-1,-1,-1,NoSamples,-1,1,1,0,PH:achmc02-8284-22A_21BDAAV:SVR,-1,-1
21600,1170103000034007,achmc02:aixdc127:PH,1170103000033000,AC822CEC15-R905-SN21BDABV,IBM,8284-22A,21BDABV,0,0,0,0,0,0,0,0,0,0,0,-1,-1,NotCollected,-1,-1,-1,-1,NoSamples,-1,1,1,0,PH:achmc02-8284-22A_21BDABV:SVR,-1,-1
21600,1170103000034008,achmc02:aixdc127:PH,1170103000033000,AC822CEC02-R701-SN21BDA7V,IBM,8284-22A,21BDA7V,0,0,0,0,0,0,0,0,0,0,0,-1,-1,NotCollected,-1,-1,-1,-1,NoSamples,-1,1,1,0,PH:achmc02-8284-22A_21BDA7V:SVR,-1,-1
21600,1170103000034009,achmc02:aixdc127:PH,1170103000033000,AC824CEC01-R703-SN21DF42V,IBM,8286-42A,21DF42V,0,0,0,0,0,0,0,0,0,0,0,-1,-1,NotCollected,-1,-1,-1,-1,NoSamples,-1,1,1,0,PH:achmc02-8286-42A_21DF42V:SVR,-1,-1
21600,1170103000034010,achmc02:aixdc127:PH,1170103000033000,AC822CEC07-R705-SN21BDB2V,IBM,8284-22A,21BDB2V,0,0,0,0,0,0,0,0,0,0,0,-1,-1,NotCollected,-1,-1,-1,-1,NoSamples,-1,1,1,0,PH:achmc02-8284-22A_21BDB2V:SVR,-1,-1
21600,1170103000034011,achmc02:aixdc127:PH,1170103000033000,AC822CEC09-R706-SN21BDACV,IBM,8284-22A,21BDACV,0,0,0,0,0,0,0,0,0,0,0,-1,-1,NotCollected,-1,-1,-1,-1,NoSamples,-1,1,1,0,PH:achmc02-8284-22A_21BDACV:SVR,-1,-1
21600,1170103000034003,achmc02:aixdc127:PH,1170103000033000,DC822CEC03-R3829-SN21BD9DV,IBM,8284-22A,21BD9DV,0,0,0,0,0,0,0,0,0,0,0,-1,-1,NotCollected,-1,-1,-1,-1,NoSamples,-1,1,1,0,PH:achmc02-8284-22A_21BD9DV:SVR,-1,-1
21600,1170103000034004,achmc02:aixdc127:PH,1170103000033000,AC822CEC08-R706-SN21BD9FV,IBM,8284-22A,21BD9FV,0,0,0,0,0,0,0,0,0,0,0,-1,-1,NotCollected,-1,-1,-1,-1,NoSamples,-1,1,1,0,PH:achmc02-8284-22A_21BD9FV:SVR,-1,-1
21600,1170103000034014,achmc02:aixdc127:PH,1170103000033000,DC822CEC05-R4028-SN21BE2FV,IBM,8284-22A,21BE2FV,0,0,0,0,0,0,0,0,0,0,0,-1,-1,NotCollected,-1,-1,-1,-1,NoSamples,-1,1,1,0,PH:achmc02-8284-22A_21BE2FV:SVR,-1,-1
21600,1170103000034015,achmc02:aixdc127:PH,1170103000033000,AC822CEC05-R705-SN21BDA4V,IBM,8284-22A,21BDA4V,0,0,0,0,0,0,0,0,0,0,0,-1,-1,NotCollected,-1,-1,-1,-1,NoSamples,-1,1,1,0,PH:achmc02-8284-22A_21BDA4V:SVR,-1,-1
21600,1170103000034016,achmc02:aixdc127:PH,1170103000033000,DC822CEC04-R4028-SN21BE30V,IBM,8284-22A,21BE30V,0,0,0,0,0,0,0,0,0,0,0,-1,-1,NotCollected,-1,-1,-1,-1,NoSamples,-1,1,1,0,PH:achmc02-8284-22A_21BE30V:SVR,-1,-1
21600,1170103000034017,achmc02:aixdc127:PH,1170103000033000,DC822CEC01-R3828-SN21BE32V,IBM,8284-22A,21BE32V,0,0,0,0,0,0,0,0,0,0,0,-1,-1,NotCollected,-1,-1,-1,-1,NoSamples,-1,1,1,0,PH:achmc02-8284-22A_21BE32V:SVR,-1,-1
21600,1170103000034018,achmc02:aixdc127:PH,1170103000033000,AC822CEC01-R701-SN21BDA9V,IBM,8284-22A,21BDA9V,0,0,0,0,0,0,0,0,0,0,0,-1,-1,NotCollected,-1,-1,-1,-1,NoSamples,-1,1,1,0,PH:achmc02-8284-22A_21BDA9V:SVR,-1,-1
21600,1170103000034019,achmc02:aixdc127:PH,1170103000033000,AC822CEC11-R901-SN21BDA1V,IBM,8284-22A,21BDA1V,0,0,0,0,0,0,0,0,0,0,0,-1,-1,NotCollected,-1,-1,-1,-1,NoSamples,-1,1,1,0,PH:achmc02-8284-22A_21BDA1V:SVR,-1,-1
21600,1170103000034020,achmc02:aixdc127:PH,1170103000033000,AC822CEC13-R902-SN21BD9CV,IBM,8284-22A,21BD9CV,0,0,0,0,0,0,0,0,0,0,0,-1,-1,NotCollected,-1,-1,-1,-1,NoSamples,-1,1,1,0,PH:achmc02-8284-22A_21BD9CV:SVR,-1,-1
21600,1170103000034012,achmc02:aixdc127:PH,1170103000033000,AC822CEC04-R703-SN21BDADV,IBM,8284-22A,21BDADV,0,0,0,0,0,0,0,0,0,0,0,-1,-1,NotCollected,-1,-1,-1,-1,NoSamples,-1,1,1,0,PH:achmc02-8284-22A_21BDADV:SVR,-1,-1
21600,1170103000034013,achmc02:aixdc127:PH,1170103000033000,AC822CEC17-R906-SN21BDA5V,IBM,8284-22A,21BDA5V,0,0,0,0,0,0,0,0,0,0,0,-1,-1,NotCollected,-1,-1,-1,-1,NoSamples,-1,1,1,0,PH:achmc02-8284-22A_21BDA5V:SVR,-1,-1
21600,1170103000034023,achmc02:aixdc127:PH,1170103000033000,DC824CEC01-R4029-SN21DF43V,IBM,8286-42A,21DF43V,0,0,0,0,0,0,0,0,0,0,0,-1,-1,NotCollected,-1,-1,-1,-1,NoSamples,-1,1,1,0,PH:achmc02-8286-42A_21DF43V:SVR,-1,-1
21600,1170103001534000,achmc02:aixdc127:PH,1170103001533000,AC824CEC01-R703-SN21DF42V,IBM,8286-42A,21DF42V,0,0,24,17,7,0,262144,165376,96768,0,0,-1,-1,"118,01SV840",-1,-1,-1,-1,NoSamples,300,1,1,0,PH:achmc02-8286-42A_21DF42V:SVR,24,262144
21600,1170103001534001,achmc02:aixdc127:PH,1170103001533000,AC822CEC11-R901-SN21BDA1V,IBM,8284-22A,21BDA1V,0,0,0,0,0,0,0,0,0,0,0,-1,-1,NotCollected,-1,-1,-1,-1,NoSamples,-1,1,1,0,PH:achmc02-8284-22A_21BDA1V:SVR,-1,-1
21600,1170103001534002,achmc02:aixdc127:PH,1170103001533000,AC822CEC07-R705-SN21BDB2V,IBM,8284-22A,21BDB2V,0,0,0,0,0,0,0,0,0,0,0,-1,-1,NotCollected,-1,-1,-1,-1,NoSamples,-1,1,1,0,PH:achmc02-8284-22A_21BDB2V:SVR,-1,-1
21600,1170103001534003,achmc02:aixdc127:PH,1170103001533000,AC822CEC08-R706-SN21BD9FV,IBM,8284-22A,21BD9FV,0,0,0,0,0,0,0,0,0,0,0,-1,-1,NotCollected,-1,-1,-1,-1,NoSamples,-1,1,1,0,PH:achmc02-8284-22A_21BD9FV:SVR,-1,-1
21600,1170103001534004,achmc02:aixdc127:PH,1170103001533000,AC822CEC16-R905-SN21BDA8V,IBM,8284-22A,21BDA8V,0,0,0,0,0,0,0,0,0,0,0,-1,-1,NotCollected,-1,-1,-1,-1,NoSamples,-1,1,1,0,PH:achmc02-8284-22A_21BDA8V:SVR,-1,-1
21600,1170103001534005,achmc02:aixdc127:PH,1170103001533000,AC822CEC14-R905-SN21BD9EV,IBM,8284-22A,21BD9EV,0,0,12,8,4,0,0,0,0,0,0,-1,-1,"118,01SV840",-1,-1,-1,-1,NoSamples,-1,1,1,0,PH:achmc02-8284-22A_21BD9EV:SVR,12,-1
21600,1170103000034021,achmc02:aixdc127:PH,1170103000033000,AC822CEC16-R905-SN21BDA8V,IBM,8284-22A,21BDA8V,0,0,0,0,0,0,0,0,0,0,0,-1,-1,NotCollected,-1,-1,-1,-1,NoSamples,-1,1,1,0,PH:achmc02-8284-22A_21BDA8V:SVR,-1,-1
21600,1170103000034022,achmc02:aixdc127:PH,1170103000033000,AC822CEC14-R905-SN21BD9EV,IBM,8284-22A,21BD9EV,0,0,0,0,0,0,0,0,0,0,0,-1,-1,NotCollected,-1,-1,-1,-1,NoSamples,-1,1,1,0,PH:achmc02-8284-22A_21BD9EV:SVR,-1,-1
21600,1170103001534008,achmc02:aixdc127:PH,1170103001533000,DC822CEC01-R3828-SN21BE32V,IBM,8284-22A,21BE32V,0,0,0,0,0,0,0,0,0,0,0,-1,-1,NotCollected,-1,-1,-1,-1,NoSamples,-1,1,1,0,PH:achmc02-8284-22A_21BE32V:SVR,-1,-1
21600,1170103001534009,achmc02:aixdc127:PH,1170103001533000,AC822CEC17-R906-SN21BDA5V,IBM,8284-22A,21BDA5V,0,0,0,0,0,0,0,0,0,0,0,-1,-1,NotCollected,-1,-1,-1,-1,NoSamples,-1,1,1,0,PH:achmc02-8284-22A_21BDA5V:SVR,-1,-1
21600,1170103001534010,achmc02:aixdc127:PH,1170103001533000,AC822CEC10-R901-SN21BDB0V,IBM,8284-22A,21BDB0V,0,0,0,0,0,0,0,0,0,0,0,-1,-1,NotCollected,-1,-1,-1,-1,NoSamples,-1,1,1,0,PH:achmc02-8284-22A_21BDB0V:SVR,-1,-1
21600,1170103001534011,achmc02:aixdc127:PH,1170103001533000,DC822CEC02-R3828-SN21BE31V,IBM,8284-22A,21BE31V,0,0,0,0,0,0,0,0,0,0,0,-1,-1,NotCollected,-1,-1,-1,-1,NoSamples,-1,1,1,0,PH:achmc02-8284-22A_21BE31V:SVR,-1,-1
21600,1170103001534012,achmc02:aixdc127:PH,1170103001533000,AC822CEC09-R706-SN21BDACV,IBM,8284-22A,21BDACV,0,0,0,0,0,0,0,0,0,0,0,-1,-1,NotCollected,-1,-1,-1,-1,NoSamples,-1,1,1,0,PH:achmc02-8284-22A_21BDACV:SVR,-1,-1
21600,1170103001534013,achmc02:aixdc127:PH,1170103001533000,AC822CEC15-R905-SN21BDABV,IBM,8284-22A,21BDABV,0,0,0,0,0,0,0,0,0,0,0,-1,-1,NotCollected,-1,-1,-1,-1,NoSamples,-1,1,1,0,PH:achmc02-8284-22A_21BDABV:SVR,-1,-1
21600,1170103001534006,achmc02:aixdc127:PH,1170103001533000,DC822CEC05-R4028-SN21BE2FV,IBM,8284-22A,21BE2FV,0,0,0,0,0,0,0,0,0,0,0,-1,-1,NotCollected,-1,-1,-1,-1,NoSamples,-1,1,1,0,PH:achmc02-8284-22A_21BE2FV:SVR,-1,-1
21600,1170103001534007,achmc02:aixdc127:PH,1170103001533000,DC822CEC03-R3829-SN21BD9DV,IBM,8284-22A,21BD9DV,0,0,0,0,0,0,0,0,0,0,0,-1,-1,NotCollected,-1,-1,-1,-1,NoSamples,-1,1,1,0,PH:achmc02-8284-22A_21BD9DV:SVR,-1,-1
21600,1170103001534017,achmc02:aixdc127:PH,1170103001533000,AC822CEC05-R705-SN21BDA4V,IBM,8284-22A,21BDA4V,0,0,0,0,0,0,0,0,0,0,0,-1,-1,NotCollected,-1,-1,-1,-1,NoSamples,-1,1,1,0,PH:achmc02-8284-22A_21BDA4V:SVR,-1,-1
21600,1170103001534018,achmc02:aixdc127:PH,1170103001533000,DC824CEC01-R4029-SN21DF43V,IBM,8286-42A,21DF43V,0,0,0,0,0,0,0,0,0,0,0,-1,-1,NotCollected,-1,-1,-1,-1,NoSamples,-1,1,1,0,PH:achmc02-8286-42A_21DF43V:SVR,-1,-1
21600,1170103001534019,achmc02:aixdc127:PH,1170103001533000,AC822CEC04-R703-SN21BDADV,IBM,8284-22A,21BDADV,0,0,0,0,0,0,0,0,0,0,0,-1,-1,NotCollected,-1,-1,-1,-1,NoSamples,-1,1,1,0,PH:achmc02-8284-22A_21BDADV:SVR,-1,-1
21600,1170103001534020,achmc02:aixdc127:PH,1170103001533000,AC822CEC02-R701-SN21BDA7V,IBM,8284-22A,21BDA7V,0,0,0,0,0,0,0,0,0,0,0,-1,-1,NotCollected,-1,-1,-1,-1,NoSamples,-1,1,1,0,PH:achmc02-8284-22A_21BDA7V:SVR,-1,-1
21600,1170103001534021,achmc02:aixdc127:PH,1170103001533000,AC822CEC06-R705-SN21BDAAV,IBM,8284-22A,21BDAAV,0,0,0,0,0,0,0,0,0,0,0,-1,-1,NotCollected,-1,-1,-1,-1,NoSamples,-1,1,1,0,PH:achmc02-8284-22A_21BDAAV:SVR,-1,-1
21600,1170103001534022,achmc02:aixdc127:PH,1170103001533000,AC822CEC01-R701-SN21BDA9V,IBM,8284-22A,21BDA9V,0,0,0,0,0,0,0,0,0,0,0,-1,-1,NotCollected,-1,-1,-1,-1,NoSamples,-1,1,1,0,PH:achmc02-8284-22A_21BDA9V:SVR,-1,-1
21600,1170103001534014,achmc02:aixdc127:PH,1170103001533000,AC822CEC13-R902-SN21BD9CV,IBM,8284-22A,21BD9CV,0,0,0,0,0,0,0,0,0,0,0,-1,-1,NotCollected,-1,-1,-1,-1,NoSamples,-1,1,1,0,PH:achmc02-8284-22A_21BD9CV:SVR,-1,-1
21600,1170103001534015,achmc02:aixdc127:PH,1170103001533000,AC822CEC12-R901-SN21BDA3V,IBM,8284-22A,21BDA3V,0,0,0,0,0,0,0,0,0,0,0,-1,-1,NotCollected,-1,-1,-1,-1,NoSamples,-1,1,1,0,PH:achmc02-8284-22A_21BDA3V:SVR,-1,-1
21600,1170103001534016,achmc02:aixdc127:PH,1170103001533000,AC822CEC03-R701-SN21BDB1V,IBM,8284-22A,21BDB1V,0,0,0,0,0,0,0,0,0,0,0,-1,-1,NotCollected,-1,-1,-1,-1,NoSamples,-1,1,1,0,PH:achmc02-8284-22A_21BDB1V:SVR,-1,-1
21600,1170103003034002,achmc02:aixdc127:PH,1170103003033000,AC822CEC05-R705-SN21BDA4V,IBM,8284-22A,21BDA4V,0,2,0,0,0,0,0,0,0,0,0,-1,-1,NotCollected,-1,-1,-1,-1,NoSamples,-1,1,1,0,PH:achmc02-8284-22A_21BDA4V:SVR,-1,-1
21600,1170103003034003,achmc02:aixdc127:PH,1170103003033000,AC822CEC15-R905-SN21BDABV,IBM,8284-22A,21BDABV,0,2,0,0,0,0,0,0,0,0,0,-1,-1,NotCollected,-1,-1,-1,-1,NoSamples,-1,1,1,0,PH:achmc02-8284-22A_21BDABV:SVR,-1,-1
21600,1170103003034004,achmc02:aixdc127:PH,1170103003033000,AC822CEC10-R901-SN21BDB0V,IBM,8284-22A,21BDB0V,0,2,0,0,0,0,0,0,0,0,0,-1,-1,NotCollected,-1,-1,-1,-1,NoSamples,-1,1,1,0,PH:achmc02-8284-22A_21BDB0V:SVR,-1,-1
21600,1170103003034005,achmc02:aixdc127:PH,1170103003033000,DC822CEC01-R3828-SN21BE32V,IBM,8284-22A,21BE32V,0,2,0,0,0,0,0,0,0,0,0,-1,-1,NotCollected,-1,-1,-1,-1,NoSamples,-1,1,1,0,PH:achmc02-8284-22A_21BE32V:SVR,-1,-1
21600,1170103003034006,achmc02:aixdc127:PH,1170103003033000,AC822CEC03-R701-SN21BDB1V,IBM,8284-22A,21BDB1V,0,2,0,0,0,0,0,0,0,0,0,-1,-1,NotCollected,-1,-1,-1,-1,NoSamples,-1,1,1,0,PH:achmc02-8284-22A_21BDB1V:SVR,-1,-1
21600,1170103003034007,achmc02:aixdc127:PH,1170103003033000,AC822CEC14-R905-SN21BD9EV,IBM,8284-22A,21BD9EV,0,2,0,0,0,0,0,0,0,0,0,-1,-1,NotCollected,-1,-1,-1,-1,NoSamples,-1,1,1,0,PH:achmc02-8284-22A_21BD9EV:SVR,-1,-1
21600,1170103001534023,achmc02:aixdc127:PH,1170103001533000,DC822CEC04-R4028-SN21BE30V,IBM,8284-22A,21BE30V,0,0,0,0,0,0,0,0,0,0,0,-1,-1,NotCollected,-1,-1,-1,-1,NoSamples,-1,1,1,0,PH:achmc02-8284-22A_21BE30V:SVR,-1,-1
21600,1170103003034000,achmc02:aixdc127:PH,1170103003033000,AC822CEC17-R906-SN21BDA5V,IBM,8284-22A,21BDA5V,0,2,12,8,4,0,524288,287232,237056,0,0,-1,-1,"118,01SV840",-1,-1,-1,-1,NoSamples,300,1,1,0,PH:achmc02-8284-22A_21BDA5V:SVR,12,524288
21600,1170103003034001,achmc02:aixdc127:PH,1170103003033000,AC822CEC13-R902-SN21BD9CV,IBM,8284-22A,21BD9CV,0,0,20,5,15,0,0,0,0,0,0,-1,-1,"118,01SV840",-1,-1,-1,-1,NoSamples,-1,1,1,0,PH:achmc02-8284-22A_21BD9CV:SVR,20,-1
21600,1170103003034011,achmc02:aixdc127:PH,1170103003033000,AC822CEC02-R701-SN21BDA7V,IBM,8284-22A,21BDA7V,0,2,0,0,0,0,0,0,0,0,0,-1,-1,NotCollected,-1,-1,-1,-1,NoSamples,-1,1,1,0,PH:achmc02-8284-22A_21BDA7V:SVR,-1,-1
21600,1170103003034012,achmc02:aixdc127:PH,1170103003033000,AC822CEC12-R901-SN21BDA3V,IBM,8284-22A,21BDA3V,0,2,0,0,0,0,0,0,0,0,0,-1,-1,NotCollected,-1,-1,-1,-1,NoSamples,-1,1,1,0,PH:achmc02-8284-22A_21BDA3V:SVR,-1,-1
21600,1170103003034013,achmc02:aixdc127:PH,1170103003033000,AC822CEC04-R703-SN21BDADV,IBM,8284-22A,21BDADV,0,2,0,0,0,0,0,0,0,0,0,-1,-1,NotCollected,-1,-1,-1,-1,NoSamples,-1,1,1,0,PH:achmc02-8284-22A_21BDADV:SVR,-1,-1
21600,1170103003034014,achmc02:aixdc127:PH,1170103003033000,AC822CEC07-R705-SN21BDB2V,IBM,8284-22A,21BDB2V,0,0,0,0,0,0,0,0,0,0,0,-1,-1,NotCollected,-1,-1,-1,-1,NoSamples,-1,1,1,0,PH:achmc02-8284-22A_21BDB2V:SVR,-1,-1
21600,1170103003034015,achmc02:aixdc127:PH,1170103003033000,AC822CEC09-R706-SN21BDACV,IBM,8284-22A,21BDACV,0,2,0,0,0,0,0,0,0,0,0,-1,-1,NotCollected,-1,-1,-1,-1,NoSamples,-1,1,1,0,PH:achmc02-8284-22A_21BDACV:SVR,-1,-1
21600,1170103003034016,achmc02:aixdc127:PH,1170103003033000,AC822CEC08-R706-SN21BD9FV,IBM,8284-22A,21BD9FV,0,2,0,0,0,0,0,0,0,0,0,-1,-1,NotCollected,-1,-1,-1,-1,NoSamples,-1,1,1,0,PH:achmc02-8284-22A_21BD9FV:SVR,-1,-1
21600,1170103003034008,achmc02:aixdc127:PH,1170103003033000,DC822CEC05-R4028-SN21BE2FV,IBM,8284-22A,21BE2FV,0,2,0,0,0,0,0,0,0,0,0,-1,-1,NotCollected,-1,-1,-1,-1,NoSamples,-1,1,1,0,PH:achmc02-8284-22A_21BE2FV:SVR,-1,-1
21600,1170103003034009,achmc02:aixdc127:PH,1170103003033000,AC822CEC06-R705-SN21BDAAV,IBM,8284-22A,21BDAAV,0,2,0,0,0,0,0,0,0,0,0,-1,-1,NotCollected,-1,-1,-1,-1,NoSamples,-1,1,1,0,PH:achmc02-8284-22A_21BDAAV:SVR,-1,-1
21600,1170103003034010,achmc02:aixdc127:PH,1170103003033000,AC822CEC01-R701-SN21BDA9V,IBM,8284-22A,21BDA9V,0,0,0,0,0,0,0,0,0,0,0,-1,-1,NotCollected,-1,-1,-1,-1,NoSamples,-1,1,1,0,PH:achmc02-8284-22A_21BDA9V:SVR,-1,-1
21600,1170103003034020,achmc02:aixdc127:PH,1170103003033000,DC822CEC04-R4028-SN21BE30V,IBM,8284-22A,21BE30V,0,2,0,0,0,0,0,0,0,0,0,-1,-1,NotCollected,-1,-1,-1,-1,NoSamples,-1,1,1,0,PH:achmc02-8284-22A_21BE30V:SVR,-1,-1
21600,1170103003034021,achmc02:aixdc127:PH,1170103003033000,DC822CEC03-R3829-SN21BD9DV,IBM,8284-22A,21BD9DV,0,2,0,0,0,0,0,0,0,0,0,-1,-1,NotCollected,-1,-1,-1,-1,NoSamples,-1,1,1,0,PH:achmc02-8284-22A_21BD9DV:SVR,-1,-1
21600,1170103003034022,achmc02:aixdc127:PH,1170103003033000,DC824CEC01-R4029-SN21DF43V,IBM,8286-42A,21DF43V,0,2,0,0,0,0,0,0,0,0,0,-1,-1,NotCollected,-1,-1,-1,-1,NoSamples,-1,1,1,0,PH:achmc02-8286-42A_21DF43V:SVR,-1,-1
21600,1170103003034023,achmc02:aixdc127:PH,1170103003033000,AC822CEC16-R905-SN21BDA8V,IBM,8284-22A,21BDA8V,0,0,0,0,0,0,0,0,0,0,0,-1,-1,NotCollected,-1,-1,-1,-1,NoSamples,-1,1,1,0,PH:achmc02-8284-22A_21BDA8V:SVR,-1,-1
21600,1170103003034017,achmc02:aixdc127:PH,1170103003033000,DC822CEC02-R3828-SN21BE31V,IBM,8284-22A,21BE31V,0,0,0,0,0,0,0,0,0,0,0,-1,-1,NotCollected,-1,-1,-1,-1,NoSamples,-1,1,1,0,PH:achmc02-8284-22A_21BE31V:SVR,-1,-1
21600,1170103003034018,achmc02:aixdc127:PH,1170103003033000,AC824CEC01-R703-SN21DF42V,IBM,8286-42A,21DF42V,0,0,0,0,0,0,0,0,0,0,0,-1,-1,NotCollected,-1,-1,-1,-1,NoSamples,-1,1,1,0,PH:achmc02-8286-42A_21DF42V:SVR,-1,-1
21600,1170103003034019,achmc02:aixdc127:PH,1170103003033000,AC822CEC11-R901-SN21BDA1V,IBM,8284-22A,21BDA1V,0,2,0,0,0,0,0,0,0,0,0,-1,-1,NotCollected,-1,-1,-1,-1,NoSamples,-1,1,1,0,PH:achmc02-8284-22A_21BDA1V:SVR,-1,-1
21600,1170103000013001,dchmc01:aixdc127:PH,1170103000012000,AC822CEC08-R706-SN21BD9FV,IBM,8284-22A,21BD9FV,0,0,12,8,4,0,524288,287232,237056,0,0,-1,-1,"118,01SV840",-1,-1,-1,-1,NoSamples,300,1,1,0,PH:dchmc01-8284-22A_21BD9FV:SVR,12,524288
21600,1170103000013002,dchmc01:aixdc127:PH,1170103000012000,AC822CEC17-R906-SN21BDA5V,IBM,8284-22A,21BDA5V,0,0,0,0,0,0,0,0,0,0,0,-1,-1,NotCollected,-1,-1,-1,-1,NoSamples,-1,1,1,0,PH:dchmc01-8284-22A_21BDA5V:SVR,-1,-1
21600,1170103000013003,dchmc01:aixdc127:PH,1170103000012000,AC822CEC14-R905-SN21BD9EV,IBM,8284-22A,21BD9EV,0,0,0,0,0,0,0,0,0,0,0,-1,-1,NotCollected,-1,-1,-1,-1,NoSamples,-1,1,1,0,PH:dchmc01-8284-22A_21BD9EV:SVR,-1,-1
21600,1170103000013004,dchmc01:aixdc127:PH,1170103000012000,DC822CEC05-R4028-SN21BE2FV,IBM,8284-22A,21BE2FV,0,0,20,2,18,0,0,0,0,0,0,-1,-1,"132,01SV840",-1,-1,-1,-1,NoSamples,-1,1,1,0,PH:dchmc01-8284-22A_21BE2FV:SVR,20,-1
21600,1170103000043000,pshmc12:aixdc148:PH,1170103000042000,P740CEC22-R633-SN1036A7R,IBM,8205-E6B,1036A7R,0,3,16,16,0,0,131072,130304,768,1,0,0.06,0.4,"99,01AL730",0.06,0.4,0,0,2017-01-02 23:55:23 GMT-06:00,300,1,1,1,PH:pshmc12-8205-E6B_1036A7R:SVR,16,131072
21600,1170103001543000,pshmc12:aixdc148:PH,1170103001542000,P740CEC22-R633-SN1036A7R,IBM,8205-E6B,1036A7R,0,3,16,16,0,0,131072,130304,768,1,0,0.1,0.6,"99,01AL730",0.1,0.6,0,0,2017-01-03 00:10:23 GMT-06:00,300,1,1,1,PH:pshmc12-8205-E6B_1036A7R:SVR,16,131072
21600,1170103003043000,pshmc12:aixdc148:PH,1170103003042000,P740CEC22-R633-SN1036A7R,IBM,8205-E6B,1036A7R,0,3,16,16,0,0,131072,130304,768,1,0,0.05,0.3,"99,01AL730",0.05,0.3,0,0,2017-01-03 00:25:24 GMT-06:00,300,1,1,1,PH:pshmc12-8205-E6B_1036A7R:SVR,16,131072
21600,1170103000013000,dchmc01:aixdc127:PH,1170103000012000,AC822CEC15-R905-SN21BDABV,IBM,8284-22A,21BDABV,0,0,0,0,0,0,0,0,0,0,0,-1,-1,NotCollected,-1,-1,-1,-1,NoSamples,-1,1,1,0,PH:dchmc01-8284-22A_21BDABV:SVR,-1,-1
21600,1170103000013010,dchmc01:aixdc127:PH,1170103000012000,AC822CEC05-R705-SN21BDA4V,IBM,8284-22A,21BDA4V,0,0,0,0,0,0,0,0,0,0,0,-1,-1,NotCollected,-1,-1,-1,-1,NoSamples,-1,1,1,0,PH:dchmc01-8284-22A_21BDA4V:SVR,-1,-1
21600,1170103000013011,dchmc01:aixdc127:PH,1170103000012000,DC824CEC01-R4029-SN21DF43V,IBM,8286-42A,21DF43V,0,0,0,0,0,0,0,0,0,0,0,-1,-1,NotCollected,-1,-1,-1,-1,NoSamples,-1,1,1,0,PH:dchmc01-8286-42A_21DF43V:SVR,-1,-1
21600,1170103000013012,dchmc01:aixdc127:PH,1170103000012000,DC822CEC03-R3829-SN21BD9DV,IBM,8284-22A,21BD9DV,0,0,0,0,0,0,0,0,0,0,0,-1,-1,NotCollected,-1,-1,-1,-1,NoSamples,-1,1,1,0,PH:dchmc01-8284-22A_21BD9DV:SVR,-1,-1
21600,1170103000013013,dchmc01:aixdc127:PH,1170103000012000,AC822CEC03-R701-SN21BDB1V,IBM,8284-22A,21BDB1V,0,0,0,0,0,0,0,0,0,0,0,-1,-1,NotCollected,-1,-1,-1,-1,NoSamples,-1,1,1,0,PH:dchmc01-8284-22A_21BDB1V:SVR,-1,-1
21600,1170103000013005,dchmc01:aixdc127:PH,1170103000012000,DC822CEC02-R3828-SN21BE31V,IBM,8284-22A,21BE31V,0,0,0,0,0,0,0,0,0,0,0,-1,-1,NotCollected,-1,-1,-1,-1,NoSamples,-1,1,1,0,PH:dchmc01-8284-22A_21BE31V:SVR,-1,-1
21600,1170103000013006,dchmc01:aixdc127:PH,1170103000012000,AC822CEC04-R703-SN21BDADV,IBM,8284-22A,21BDADV,0,0,0,0,0,0,0,0,0,0,0,-1,-1,NotCollected,-1,-1,-1,-1,NoSamples,-1,1,1,0,PH:dchmc01-8284-22A_21BDADV:SVR,-1,-1
21600,1170103000013007,dchmc01:aixdc127:PH,1170103000012000,AC822CEC09-R706-SN21BDACV,IBM,8284-22A,21BDACV,0,0,0,0,0,0,0,0,0,0,0,-1,-1,NotCollected,-1,-1,-1,-1,NoSamples,-1,1,1,0,PH:dchmc01-8284-22A_21BDACV:SVR,-1,-1
21600,1170103000013008,dchmc01:aixdc127:PH,1170103000012000,AC824CEC01-R703-SN21DF42V,IBM,8286-42A,21DF42V,0,0,0,0,0,0,0,0,0,0,0,-1,-1,NotCollected,-1,-1,-1,-1,NoSamples,-1,1,1,0,PH:dchmc01-8286-42A_21DF42V:SVR,-1,-1
21600,1170103000013009,dchmc01:aixdc127:PH,1170103000012000,AC822CEC13-R902-SN21BD9CV,IBM,8284-22A,21BD9CV,0,0,0,0,0,0,0,0,0,0,0,-1,-1,NotCollected,-1,-1,-1,-1,NoSamples,-1,1,1,0,PH:dchmc01-8284-22A_21BD9CV:SVR,-1,-1
21600,1170103000013019,dchmc01:aixdc127:PH,1170103000012000,AC822CEC01-R701-SN21BDA9V,IBM,8284-22A,21BDA9V,0,0,0,0,0,0,0,0,0,0,0,-1,-1,NotCollected,-1,-1,-1,-1,NoSamples,-1,1,1,0,PH:dchmc01-8284-22A_21BDA9V:SVR,-1,-1
21600,1170103000013020,dchmc01:aixdc127:PH,1170103000012000,AC822CEC06-R705-SN21BDAAV,IBM,8284-22A,21BDAAV,0,0,0,0,0,0,0,0,0,0,0,-1,-1,NotCollected,-1,-1,-1,-1,NoSamples,-1,1,1,0,PH:dchmc01-8284-22A_21BDAAV:SVR,-1,-1
21600,1170103000013021,dchmc01:aixdc127:PH,1170103000012000,AC822CEC12-R901-SN21BDA3V,IBM,8284-22A,21BDA3V,0,0,0,0,0,0,0,0,0,0,0,-1,-1,NotCollected,-1,-1,-1,-1,NoSamples,-1,1,1,0,PH:dchmc01-8284-22A_21BDA3V:SVR,-1,-1
21600,1170103000013022,dchmc01:aixdc127:PH,1170103000012000,AC822CEC10-R901-SN21BDB0V,IBM,8284-22A,21BDB0V,0,0,0,0,0,0,0,0,0,0,0,-1,-1,NotCollected,-1,-1,-1,-1,NoSamples,-1,1,1,0,PH:dchmc01-8284-22A_21BDB0V:SVR,-1,-1
21600,1170103000013014,dchmc01:aixdc127:PH,1170103000012000,DC822CEC01-R3828-SN21BE32V,IBM,8284-22A,21BE32V,0,0,0,0,0,0,0,0,0,0,0,-1,-1,NotCollected,-1,-1,-1,-1,NoSamples,-1,1,1,0,PH:dchmc01-8284-22A_21BE32V:SVR,-1,-1
21600,1170103000013015,dchmc01:aixdc127:PH,1170103000012000,AC822CEC02-R701-SN21BDA7V,IBM,8284-22A,21BDA7V,0,0,0,0,0,0,0,0,0,0,0,-1,-1,NotCollected,-1,-1,-1,-1,NoSamples,-1,1,1,0,PH:dchmc01-8284-22A_21BDA7V:SVR,-1,-1
21600,1170103000013016,dchmc01:aixdc127:PH,1170103000012000,AC822CEC07-R705-SN21BDB2V,IBM,8284-22A,21BDB2V,0,0,0,0,0,0,0,0,0,0,0,-1,-1,NotCollected,-1,-1,-1,-1,NoSamples,-1,1,1,0,PH:dchmc01-8284-22A_21BDB2V:SVR,-1,-1
21600,1170103000013017,dchmc01:aixdc127:PH,1170103000012000,DC822CEC04-R4028-SN21BE30V,IBM,8284-22A,21BE30V,0,0,0,0,0,0,0,0,0,0,0,-1,-1,NotCollected,-1,-1,-1,-1,NoSamples,-1,1,1,0,PH:dchmc01-8284-22A_21BE30V:SVR,-1,-1
21600,1170103000013018,dchmc01:aixdc127:PH,1170103000012000,AC822CEC16-R905-SN21BDA8V,IBM,8284-22A,21BDA8V,0,0,0,0,0,0,0,0,0,0,0,-1,-1,NotCollected,-1,-1,-1,-1,NoSamples,-1,1,1,0,PH:dchmc01-8284-22A_21BDA8V:SVR,-1,-1
21600,1170103001513004,dchmc01:aixdc127:PH,1170103001512000,AC822CEC13-R902-SN21BD9CV,IBM,8284-22A,21BD9CV,0,0,0,0,0,0,0,0,0,0,0,-1,-1,NotCollected,-1,-1,-1,-1,NoSamples,-1,1,1,0,PH:dchmc01-8284-22A_21BD9CV:SVR,-1,-1
21600,1170103001513005,dchmc01:aixdc127:PH,1170103001512000,AC824CEC01-R703-SN21DF42V,IBM,8286-42A,21DF42V,0,0,0,0,0,0,0,0,0,0,0,-1,-1,NotCollected,-1,-1,-1,-1,NoSamples,-1,1,1,0,PH:dchmc01-8286-42A_21DF42V:SVR,-1,-1
21600,1170103001513006,dchmc01:aixdc127:PH,1170103001512000,AC822CEC16-R905-SN21BDA8V,IBM,8284-22A,21BDA8V,0,0,0,0,0,0,0,0,0,0,0,-1,-1,NotCollected,-1,-1,-1,-1,NoSamples,-1,1,1,0,PH:dchmc01-8284-22A_21BDA8V:SVR,-1,-1
21600,1170103001513007,dchmc01:aixdc127:PH,1170103001512000,AC822CEC03-R701-SN21BDB1V,IBM,8284-22A,21BDB1V,0,0,0,0,0,0,0,0,0,0,0,-1,-1,NotCollected,-1,-1,-1,-1,NoSamples,-1,1,1,0,PH:dchmc01-8284-22A_21BDB1V:SVR,-1,-1
21600,1170103000013023,dchmc01:aixdc127:PH,1170103000012000,AC822CEC11-R901-SN21BDA1V,IBM,8284-22A,21BDA1V,0,0,0,0,0,0,0,0,0,0,0,-1,-1,NotCollected,-1,-1,-1,-1,NoSamples,-1,1,1,0,PH:dchmc01-8284-22A_21BDA1V:SVR,-1,-1
21600,1170103001513000,dchmc01:aixdc127:PH,1170103001512000,AC822CEC04-R703-SN21BDADV,IBM,8284-22A,21BDADV,0,0,20,12.5,7.5,0,524288,259840,264448,0,0,-1,-1,"118,01SV840",-1,-1,-1,-1,NoSamples,300,1,1,0,PH:dchmc01-8284-22A_21BDADV:SVR,20,524288
21600,1170103001513001,dchmc01:aixdc127:PH,1170103001512000,DC824CEC01-R4029-SN21DF43V,IBM,8286-42A,21DF43V,0,0,0,0,0,0,0,0,0,0,0,-1,-1,NotCollected,-1,-1,-1,-1,NoSamples,-1,1,1,0,PH:dchmc01-8286-42A_21DF43V:SVR,-1,-1
21600,1170103001513002,dchmc01:aixdc127:PH,1170103001512000,AC822CEC07-R705-SN21BDB2V,IBM,8284-22A,21BDB2V,0,0,20,20,0,0,0,0,0,0,0,-1,-1,"118,01SV840",-1,-1,-1,-1,NoSamples,-1,1,1,0,PH:dchmc01-8284-22A_21BDB2V:SVR,20,-1
21600,1170103001513003,dchmc01:aixdc127:PH,1170103001512000,DC822CEC02-R3828-SN21BE31V,IBM,8284-22A,21BE31V,0,0,0,0,0,0,0,0,0,0,0,-1,-1,NotCollected,-1,-1,-1,-1,NoSamples,-1,1,1,0,PH:dchmc01-8284-22A_21BE31V:SVR,-1,-1
21600,1170103001513013,dchmc01:aixdc127:PH,1170103001512000,DC822CEC04-R4028-SN21BE30V,IBM,8284-22A,21BE30V,0,0,0,0,0,0,0,0,0,0,0,-1,-1,NotCollected,-1,-1,-1,-1,NoSamples,-1,1,1,0,PH:dchmc01-8284-22A_21BE30V:SVR,-1,-1
21600,1170103001513014,dchmc01:aixdc127:PH,1170103001512000,AC822CEC06-R705-SN21BDAAV,IBM,8284-22A,21BDAAV,0,0,0,0,0,0,0,0,0,0,0,-1,-1,NotCollected,-1,-1,-1,-1,NoSamples,-1,1,1,0,PH:dchmc01-8284-22A_21BDAAV:SVR,-1,-1
21600,1170103001513015,dchmc01:aixdc127:PH,1170103001512000,AC822CEC12-R901-SN21BDA3V,IBM,8284-22A,21BDA3V,0,0,0,0,0,0,0,0,0,0,0,-1,-1,NotCollected,-1,-1,-1,-1,NoSamples,-1,1,1,0,PH:dchmc01-8284-22A_21BDA3V:SVR,-1,-1
21600,1170103001513016,dchmc01:aixdc127:PH,1170103001512000,AC822CEC01-R701-SN21BDA9V,IBM,8284-22A,21BDA9V,0,0,0,0,0,0,0,0,0,0,0,-1,-1,NotCollected,-1,-1,-1,-1,NoSamples,-1,1,1,0,PH:dchmc01-8284-22A_21BDA9V:SVR,-1,-1
21600,1170103001513008,dchmc01:aixdc127:PH,1170103001512000,DC822CEC01-R3828-SN21BE32V,IBM,8284-22A,21BE32V,0,0,0,0,0,0,0,0,0,0,0,-1,-1,NotCollected,-1,-1,-1,-1,NoSamples,-1,1,1,0,PH:dchmc01-8284-22A_21BE32V:SVR,-1,-1
21600,1170103001513009,dchmc01:aixdc127:PH,1170103001512000,AC822CEC15-R905-SN21BDABV,IBM,8284-22A,21BDABV,0,0,0,0,0,0,0,0,0,0,0,-1,-1,NotCollected,-1,-1,-1,-1,NoSamples,-1,1,1,0,PH:dchmc01-8284-22A_21BDABV:SVR,-1,-1
21600,1170103001513010,dchmc01:aixdc127:PH,1170103001512000,AC822CEC11-R901-SN21BDA1V,IBM,8284-22A,21BDA1V,0,0,0,0,0,0,0,0,0,0,0,-1,-1,NotCollected,-1,-1,-1,-1,NoSamples,-1,1,1,0,PH:dchmc01-8284-22A_21BDA1V:SVR,-1,-1
21600,1170103001513011,dchmc01:aixdc127:PH,1170103001512000,AC822CEC17-R906-SN21BDA5V,IBM,8284-22A,21BDA5V,0,0,0,0,0,0,0,0,0,0,0,-1,-1,NotCollected,-1,-1,-1,-1,NoSamples,-1,1,1,0,PH:dchmc01-8284-22A_21BDA5V:SVR,-1,-1
21600,1170103001513012,dchmc01:aixdc127:PH,1170103001512000,DC822CEC03-R3829-SN21BD9DV,IBM,8284-22A,21BD9DV,0,0,0,0,0,0,0,0,0,0,0,-1,-1,NotCollected,-1,-1,-1,-1,NoSamples,-1,1,1,0,PH:dchmc01-8284-22A_21BD9DV:SVR,-1,-1
21600,1170103001513022,dchmc01:aixdc127:PH,1170103001512000,DC822CEC05-R4028-SN21BE2FV,IBM,8284-22A,21BE2FV,0,0,0,0,0,0,0,0,0,0,0,-1,-1,NotCollected,-1,-1,-1,-1,NoSamples,-1,1,1,0,PH:dchmc01-8284-22A_21BE2FV:SVR,-1,-1
21600,1170103001513023,dchmc01:aixdc127:PH,1170103001512000,AC822CEC10-R901-SN21BDB0V,IBM,8284-22A,21BDB0V,0,0,0,0,0,0,0,0,0,0,0,-1,-1,NotCollected,-1,-1,-1,-1,NoSamples,-1,1,1,0,PH:dchmc01-8284-22A_21BDB0V:SVR,-1,-1
21600,1170103003013000,dchmc01:aixdc127:PH,1170103003012000,AC822CEC03-R701-SN21BDB1V,IBM,8284-22A,21BDB1V,0,0,20,18,2,0,524288,139264,385024,0,0,-1,-1,"118,01SV840",-1,-1,-1,-1,NoSamples,300,1,1,0,PH:dchmc01-8284-22A_21BDB1V:SVR,20,524288
21600,1170103003013001,dchmc01:aixdc127:PH,1170103003012000,AC822CEC16-R905-SN21BDA8V,IBM,8284-22A,21BDA8V,0,0,20,12,8,0,0,0,0,0,0,-1,-1,"118,01SV840",-1,-1,-1,-1,NoSamples,-1,1,1,0,PH:dchmc01-8284-22A_21BDA8V:SVR,20,-1
21600,1170103001513017,dchmc01:aixdc127:PH,1170103001512000,AC822CEC02-R701-SN21BDA7V,IBM,8284-22A,21BDA7V,0,0,0,0,0,0,0,0,0,0,0,-1,-1,NotCollected,-1,-1,-1,-1,NoSamples,-1,1,1,0,PH:dchmc01-8284-22A_21BDA7V:SVR,-1,-1
21600,1170103001513018,dchmc01:aixdc127:PH,1170103001512000,AC822CEC08-R706-SN21BD9FV,IBM,8284-22A,21BD9FV,0,0,0,0,0,0,0,0,0,0,0,-1,-1,NotCollected,-1,-1,-1,-1,NoSamples,-1,1,1,0,PH:dchmc01-8284-22A_21BD9FV:SVR,-1,-1
21600,1170103001513019,dchmc01:aixdc127:PH,1170103001512000,AC822CEC14-R905-SN21BD9EV,IBM,8284-22A,21BD9EV,0,0,0,0,0,0,0,0,0,0,0,-1,-1,NotCollected,-1,-1,-1,-1,NoSamples,-1,1,1,0,PH:dchmc01-8284-22A_21BD9EV:SVR,-1,-1
21600,1170103001513020,dchmc01:aixdc127:PH,1170103001512000,AC822CEC09-R706-SN21BDACV,IBM,8284-22A,21BDACV,0,0,0,0,0,0,0,0,0,0,0,-1,-1,NotCollected,-1,-1,-1,-1,NoSamples,-1,1,1,0,PH:dchmc01-8284-22A_21BDACV:SVR,-1,-1
21600,1170103001513021,dchmc01:aixdc127:PH,1170103001512000,AC822CEC05-R705-SN21BDA4V,IBM,8284-22A,21BDA4V,0,0,0,0,0,0,0,0,0,0,0,-1,-1,NotCollected,-1,-1,-1,-1,NoSamples,-1,1,1,0,PH:dchmc01-8284-22A_21BDA4V:SVR,-1,-1
21600,1170103003013007,dchmc01:aixdc127:PH,1170103003012000,DC822CEC04-R4028-SN21BE30V,IBM,8284-22A,21BE30V,0,0,0,0,0,0,0,0,0,0,0,-1,-1,NotCollected,-1,-1,-1,-1,NoSamples,-1,1,1,0,PH:dchmc01-8284-22A_21BE30V:SVR,-1,-1
21600,1170103003013008,dchmc01:aixdc127:PH,1170103003012000,AC822CEC14-R905-SN21BD9EV,IBM,8284-22A,21BD9EV,0,0,0,0,0,0,0,0,0,0,0,-1,-1,NotCollected,-1,-1,-1,-1,NoSamples,-1,1,1,0,PH:dchmc01-8284-22A_21BD9EV:SVR,-1,-1
21600,1170103003013009,dchmc01:aixdc127:PH,1170103003012000,AC822CEC06-R705-SN21BDAAV,IBM,8284-22A,21BDAAV,0,0,0,0,0,0,0,0,0,0,0,-1,-1,NotCollected,-1,-1,-1,-1,NoSamples,-1,1,1,0,PH:dchmc01-8284-22A_21BDAAV:SVR,-1,-1
21600,1170103003013010,dchmc01:aixdc127:PH,1170103003012000,AC822CEC12-R901-SN21BDA3V,IBM,8284-22A,21BDA3V,0,0,0,0,0,0,0,0,0,0,0,-1,-1,NotCollected,-1,-1,-1,-1,NoSamples,-1,1,1,0,PH:dchmc01-8284-22A_21BDA3V:SVR,-1,-1
21600,1170103003013002,dchmc01:aixdc127:PH,1170103003012000,DC822CEC05-R4028-SN21BE2FV,IBM,8284-22A,21BE2FV,0,0,0,0,0,0,0,0,0,0,0,-1,-1,NotCollected,-1,-1,-1,-1,NoSamples,-1,1,1,0,PH:dchmc01-8284-22A_21BE2FV:SVR,-1,-1
21600,1170103003013003,dchmc01:aixdc127:PH,1170103003012000,DC824CEC01-R4029-SN21DF43V,IBM,8286-42A,21DF43V,0,0,0,0,0,0,0,0,0,0,0,-1,-1,NotCollected,-1,-1,-1,-1,NoSamples,-1,1,1,0,PH:dchmc01-8286-42A_21DF43V:SVR,-1,-1
21600,1170103003013004,dchmc01:aixdc127:PH,1170103003012000,AC822CEC17-R906-SN21BDA5V,IBM,8284-22A,21BDA5V,0,0,0,0,0,0,0,0,0,0,0,-1,-1,NotCollected,-1,-1,-1,-1,NoSamples,-1,1,1,0,PH:dchmc01-8284-22A_21BDA5V:SVR,-1,-1
21600,1170103003013005,dchmc01:aixdc127:PH,1170103003012000,AC822CEC07-R705-SN21BDB2V,IBM,8284-22A,21BDB2V,0,0,0,0,0,0,0,0,0,0,0,-1,-1,NotCollected,-1,-1,-1,-1,NoSamples,-1,1,1,0,PH:dchmc01-8284-22A_21BDB2V:SVR,-1,-1
21600,1170103003013006,dchmc01:aixdc127:PH,1170103003012000,AC824CEC01-R703-SN21DF42V,IBM,8286-42A,21DF42V,0,0,0,0,0,0,0,0,0,0,0,-1,-1,NotCollected,-1,-1,-1,-1,NoSamples,-1,1,1,0,PH:dchmc01-8286-42A_21DF42V:SVR,-1,-1
21600,1170103003013016,dchmc01:aixdc127:PH,1170103003012000,AC822CEC05-R705-SN21BDA4V,IBM,8284-22A,21BDA4V,0,0,0,0,0,0,0,0,0,0,0,-1,-1,NotCollected,-1,-1,-1,-1,NoSamples,-1,1,1,0,PH:dchmc01-8284-22A_21BDA4V:SVR,-1,-1
21600,1170103003013017,dchmc01:aixdc127:PH,1170103003012000,AC822CEC15-R905-SN21BDABV,IBM,8284-22A,21BDABV,0,0,0,0,0,0,0,0,0,0,0,-1,-1,NotCollected,-1,-1,-1,-1,NoSamples,-1,1,1,0,PH:dchmc01-8284-22A_21BDABV:SVR,-1,-1
21600,1170103003013018,dchmc01:aixdc127:PH,1170103003012000,AC822CEC09-R706-SN21BDACV,IBM,8284-22A,21BDACV,0,0,0,0,0,0,0,0,0,0,0,-1,-1,NotCollected,-1,-1,-1,-1,NoSamples,-1,1,1,0,PH:dchmc01-8284-22A_21BDACV:SVR,-1,-1
21600,1170103003013019,dchmc01:aixdc127:PH,1170103003012000,AC822CEC02-R701-SN21BDA7V,IBM,8284-22A,21BDA7V,0,0,0,0,0,0,0,0,0,0,0,-1,-1,NotCollected,-1,-1,-1,-1,NoSamples,-1,1,1,0,PH:dchmc01-8284-22A_21BDA7V:SVR,-1,-1
21600,1170103003013011,dchmc01:aixdc127:PH,1170103003012000,AC822CEC13-R902-SN21BD9CV,IBM,8284-22A,21BD9CV,0,0,0,0,0,0,0,0,0,0,0,-1,-1,NotCollected,-1,-1,-1,-1,NoSamples,-1,1,1,0,PH:dchmc01-8284-22A_21BD9CV:SVR,-1,-1
21600,1170103003013012,dchmc01:aixdc127:PH,1170103003012000,DC822CEC03-R3829-SN21BD9DV,IBM,8284-22A,21BD9DV,0,0,0,0,0,0,0,0,0,0,0,-1,-1,NotCollected,-1,-1,-1,-1,NoSamples,-1,1,1,0,PH:dchmc01-8284-22A_21BD9DV:SVR,-1,-1
21600,1170103003013013,dchmc01:aixdc127:PH,1170103003012000,DC822CEC01-R3828-SN21BE32V,IBM,8284-22A,21BE32V,0,0,0,0,0,0,0,0,0,0,0,-1,-1,NotCollected,-1,-1,-1,-1,NoSamples,-1,1,1,0,PH:dchmc01-8284-22A_21BE32V:SVR,-1,-1
21600,1170103003013014,dchmc01:aixdc127:PH,1170103003012000,AC822CEC01-R701-SN21BDA9V,IBM,8284-22A,21BDA9V,0,0,0,0,0,0,0,0,0,0,0,-1,-1,NotCollected,-1,-1,-1,-1,NoSamples,-1,1,1,0,PH:dchmc01-8284-22A_21BDA9V:SVR,-1,-1
21600,1170103003013015,dchmc01:aixdc127:PH,1170103003012000,AC822CEC11-R901-SN21BDA1V,IBM,8284-22A,21BDA1V,0,0,0,0,0,0,0,0,0,0,0,-1,-1,NotCollected,-1,-1,-1,-1,NoSamples,-1,1,1,0,PH:dchmc01-8284-22A_21BDA1V:SVR,-1,-1
21600,1170103004513001,dchmc01:aixdc127:PH,1170103004512000,AC822CEC13-R902-SN21BD9CV,IBM,8284-22A,21BD9CV,0,0,20,5,15,0,262144,173568,88576,0,0,-1,-1,"118,01SV840",-1,-1,-1,-1,NoSamples,300,1,1,0,PH:dchmc01-8284-22A_21BD9CV:SVR,20,262144
21600,1170103004513002,dchmc01:aixdc127:PH,1170103004512000,AC822CEC02-R701-SN21BDA7V,IBM,8284-22A,21BDA7V,0,2,0,0,0,0,0,0,0,0,0,-1,-1,NotCollected,-1,-1,-1,-1,NoSamples,-1,1,1,0,PH:dchmc01-8284-22A_21BDA7V:SVR,-1,-1
21600,1170103004513003,dchmc01:aixdc127:PH,1170103004512000,AC822CEC15-R905-SN21BDABV,IBM,8284-22A,21BDABV,0,2,0,0,0,0,0,0,0,0,0,-1,-1,NotCollected,-1,-1,-1,-1,NoSamples,-1,1,1,0,PH:dchmc01-8284-22A_21BDABV:SVR,-1,-1
21600,1170103004513004,dchmc01:aixdc127:PH,1170103004512000,DC822CEC03-R3829-SN21BD9DV,IBM,8284-22A,21BD9DV,0,2,0,0,0,0,0,0,0,0,0,-1,-1,NotCollected,-1,-1,-1,-1,NoSamples,-1,1,1,0,PH:dchmc01-8284-22A_21BD9DV:SVR,-1,-1
21600,1170103003013020,dchmc01:aixdc127:PH,1170103003012000,DC822CEC02-R3828-SN21BE31V,IBM,8284-22A,21BE31V,0,0,0,0,0,0,0,0,0,0,0,-1,-1,NotCollected,-1,-1,-1,-1,NoSamples,-1,1,1,0,PH:dchmc01-8284-22A_21BE31V:SVR,-1,-1
21600,1170103003013021,dchmc01:aixdc127:PH,1170103003012000,AC822CEC04-R703-SN21BDADV,IBM,8284-22A,21BDADV,0,0,0,0,0,0,0,0,0,0,0,-1,-1,NotCollected,-1,-1,-1,-1,NoSamples,-1,1,1,0,PH:dchmc01-8284-22A_21BDADV:SVR,-1,-1
21600,1170103003013022,dchmc01:aixdc127:PH,1170103003012000,AC822CEC10-R901-SN21BDB0V,IBM,8284-22A,21BDB0V,0,0,0,0,0,0,0,0,0,0,0,-1,-1,NotCollected,-1,-1,-1,-1,NoSamples,-1,1,1,0,PH:dchmc01-8284-22A_21BDB0V:SVR,-1,-1
21600,1170103003013023,dchmc01:aixdc127:PH,1170103003012000,AC822CEC08-R706-SN21BD9FV,IBM,8284-22A,21BD9FV,0,0,0,0,0,0,0,0,0,0,0,-1,-1,NotCollected,-1,-1,-1,-1,NoSamples,-1,1,1,0,PH:dchmc01-8284-22A_21BD9FV:SVR,-1,-1
21600,1170103004513000,dchmc01:aixdc127:PH,1170103004512000,DC824CEC01-R4029-SN21DF43V,IBM,8286-42A,21DF43V,0,2,0,0,0,0,0,0,0,0,0,-1,-1,NotCollected,-1,-1,-1,-1,NoSamples,-1,1,1,0,PH:dchmc01-8286-42A_21DF43V:SVR,-1,-1
21600,1170103004513010,dchmc01:aixdc127:PH,1170103004512000,AC822CEC05-R705-SN21BDA4V,IBM,8284-22A,21BDA4V,0,2,0,0,0,0,0,0,0,0,0,-1,-1,NotCollected,-1,-1,-1,-1,NoSamples,-1,1,1,0,PH:dchmc01-8284-22A_21BDA4V:SVR,-1,-1
21600,1170103004513011,dchmc01:aixdc127:PH,1170103004512000,AC822CEC07-R705-SN21BDB2V,IBM,8284-22A,21BDB2V,0,2,0,0,0,0,0,0,0,0,0,-1,-1,NotCollected,-1,-1,-1,-1,NoSamples,-1,1,1,0,PH:dchmc01-8284-22A_21BDB2V:SVR,-1,-1
21600,1170103004513012,dchmc01:aixdc127:PH,1170103004512000,AC822CEC03-R701-SN21BDB1V,IBM,8284-22A,21BDB1V,0,2,0,0,0,0,0,0,0,0,0,-1,-1,NotCollected,-1,-1,-1,-1,NoSamples,-1,1,1,0,PH:dchmc01-8284-22A_21BDB1V:SVR,-1,-1
21600,1170103004513013,dchmc01:aixdc127:PH,1170103004512000,DC822CEC05-R4028-SN21BE2FV,IBM,8284-22A,21BE2FV,0,2,0,0,0,0,0,0,0,0,0,-1,-1,NotCollected,-1,-1,-1,-1,NoSamples,-1,1,1,0,PH:dchmc01-8284-22A_21BE2FV:SVR,-1,-1
21600,1170103004513005,dchmc01:aixdc127:PH,1170103004512000,DC822CEC02-R3828-SN21BE31V,IBM,8284-22A,21BE31V,0,2,20,2,18,0,0,0,0,0,0,-1,-1,"132,01SV840",-1,-1,-1,-1,NoSamples,-1,1,1,0,PH:dchmc01-8284-22A_21BE31V:SVR,20,-1
21600,1170103004513006,dchmc01:aixdc127:PH,1170103004512000,AC822CEC08-R706-SN21BD9FV,IBM,8284-22A,21BD9FV,0,2,0,0,0,0,0,0,0,0,0,-1,-1,NotCollected,-1,-1,-1,-1,NoSamples,-1,1,1,0,PH:dchmc01-8284-22A_21BD9FV:SVR,-1,-1
21600,1170103004513007,dchmc01:aixdc127:PH,1170103004512000,AC822CEC11-R901-SN21BDA1V,IBM,8284-22A,21BDA1V,0,2,0,0,0,0,0,0,0,0,0,-1,-1,NotCollected,-1,-1,-1,-1,NoSamples,-1,1,1,0,PH:dchmc01-8284-22A_21BDA1V:SVR,-1,-1
21600,1170103004513008,dchmc01:aixdc127:PH,1170103004512000,AC822CEC16-R905-SN21BDA8V,IBM,8284-22A,21BDA8V,0,2,0,0,0,0,0,0,0,0,0,-1,-1,NotCollected,-1,-1,-1,-1,NoSamples,-1,1,1,0,PH:dchmc01-8284-22A_21BDA8V:SVR,-1,-1
21600,1170103004513009,dchmc01:aixdc127:PH,1170103004512000,AC822CEC17-R906-SN21BDA5V,IBM,8284-22A,21BDA5V,0,2,0,0,0,0,0,0,0,0,0,-1,-1,NotCollected,-1,-1,-1,-1,NoSamples,-1,1,1,0,PH:dchmc01-8284-22A_21BDA5V:SVR,-1,-1
21600,1170103004513019,dchmc01:aixdc127:PH,1170103004512000,AC822CEC06-R705-SN21BDAAV,IBM,8284-22A,21BDAAV,0,2,0,0,0,0,0,0,0,0,0,-1,-1,NotCollected,-1,-1,-1,-1,NoSamples,-1,1,1,0,PH:dchmc01-8284-22A_21BDAAV:SVR,-1,-1
21600,1170103004513020,dchmc01:aixdc127:PH,1170103004512000,AC822CEC04-R703-SN21BDADV,IBM,8284-22A,21BDADV,0,0,0,0,0,0,0,0,0,0,0,-1,-1,NotCollected,-1,-1,-1,-1,NoSamples,-1,1,1,0,PH:dchmc01-8284-22A_21BDADV:SVR,-1,-1
21600,1170103004513021,dchmc01:aixdc127:PH,1170103004512000,AC822CEC01-R701-SN21BDA9V,IBM,8284-22A,21BDA9V,0,0,0,0,0,0,0,0,0,0,0,-1,-1,NotCollected,-1,-1,-1,-1,NoSamples,-1,1,1,0,PH:dchmc01-8284-22A_21BDA9V:SVR,-1,-1
21600,1170103004513022,dchmc01:aixdc127:PH,1170103004512000,AC822CEC10-R901-SN21BDB0V,IBM,8284-22A,21BDB0V,0,0,0,0,0,0,0,0,0,0,0,-1,-1,NotCollected,-1,-1,-1,-1,NoSamples,-1,1,1,0,PH:dchmc01-8284-22A_21BDB0V:SVR,-1,-1
21600,1170103004513014,dchmc01:aixdc127:PH,1170103004512000,AC822CEC09-R706-SN21BDACV,IBM,8284-22A,21BDACV,0,2,0,0,0,0,0,0,0,0,0,-1,-1,NotCollected,-1,-1,-1,-1,NoSamples,-1,1,1,0,PH:dchmc01-8284-22A_21BDACV:SVR,-1,-1
21600,1170103004513015,dchmc01:aixdc127:PH,1170103004512000,DC822CEC01-R3828-SN21BE32V,IBM,8284-22A,21BE32V,0,2,0,0,0,0,0,0,0,0,0,-1,-1,NotCollected,-1,-1,-1,-1,NoSamples,-1,1,1,0,PH:dchmc01-8284-22A_21BE32V:SVR,-1,-1
21600,1170103004513016,dchmc01:aixdc127:PH,1170103004512000,DC822CEC04-R4028-SN21BE30V,IBM,8284-22A,21BE30V,0,2,0,0,0,0,0,0,0,0,0,-1,-1,NotCollected,-1,-1,-1,-1,NoSamples,-1,1,1,0,PH:dchmc01-8284-22A_21BE30V:SVR,-1,-1
21600,1170103004513017,dchmc01:aixdc127:PH,1170103004512000,AC822CEC14-R905-SN21BD9EV,IBM,8284-22A,21BD9EV,0,2,0,0,0,0,0,0,0,0,0,-1,-1,NotCollected,-1,-1,-1,-1,NoSamples,-1,1,1,0,PH:dchmc01-8284-22A_21BD9EV:SVR,-1,-1
21600,1170103004513018,dchmc01:aixdc127:PH,1170103004512000,AC824CEC01-R703-SN21DF42V,IBM,8286-42A,21DF42V,0,0,0,0,0,0,0,0,0,0,0,-1,-1,NotCollected,-1,-1,-1,-1,NoSamples,-1,1,1,0,PH:dchmc01-8286-42A_21DF42V:SVR,-1,-1
21600,1170103000012004,tlabhmc01:aixdc127:PH,1170103000011000,T750CEC01-R325-SN102B7DP,IBM,8233-E8B,102B7DP,0,10,8,7,1,7,131072,93696,37376,1,0,0.11,1.4,"149,01AL730",0,0,0.11,1.4,2017-01-02 23:51:30 GMT-06:00,300,1,1,1,PH:tlabhmc0-8233-E8B_102B7DP:SVR,8,131072
21600,1170103001512000,tlabhmc01:aixdc127:PH,1170103001511000,T750CEC01-R325-SN102B7DP,IBM,8233-E8B,102B7DP,0,10,8,7,1,7,131072,93696,37376,1,0,0.23,2.9,"149,01AL730",0,0,0.23,2.9,2017-01-03 00:06:30 GMT-06:00,300,1,1,1,PH:tlabhmc0-8233-E8B_102B7DP:SVR,8,131072
21600,1170103001512001,tlabhmc01:aixdc127:PH,1170103001511000,T750CEC02-R329-SN102B7EP,IBM,8233-E8B,102B7EP,0,7,8,4.8,3.2,5,131072,112384,18688,1,0,0.1,1.2,"149,01AL730",0,0,0.1,1.2,2017-01-03 00:11:30 GMT-06:00,300,1,1,1,PH:tlabhmc0-8233-E8B_102B7EP:SVR,8,131072
21600,1170103004513023,dchmc01:aixdc127:PH,1170103004512000,AC822CEC12-R901-SN21BDA3V,IBM,8284-22A,21BDA3V,0,0,0,0,0,0,0,0,0,0,0,-1,-1,NotCollected,-1,-1,-1,-1,NoSamples,-1,1,1,0,PH:dchmc01-8284-22A_21BDA3V:SVR,-1,-1
21600,1170103000012000,tlabhmc01:aixdc127:PH,1170103000011000,T750CEC03-R329-SN069AA3P,IBM,8233-E8B,069AA3P,0,2,32,6,26,6,524288,114432,409856,1,0,0.08,0.3,"149,01AL730",0,0,0.08,0.3,2017-01-02 23:56:30 GMT-06:00,300,1,1,1,PH:tlabhmc0-8233-E8B_069AA3P:SVR,32,524288
21600,1170103000012001,tlabhmc01:aixdc127:PH,1170103000011000,T710CEC02-R329-SN21DF5AT,IBM,8231-E1D,21DF5AT,0,3,8,3,5,3,131072,45568,85504,1,0,0.07,0.9,"110,01AL770",0,0,0.07,0.9,2017-01-02 23:56:30 GMT-06:00,300,1,1,1,PH:tlabhmc0-8231-E1D_21DF5AT:SVR,8,131072
21600,1170103000012002,tlabhmc01:aixdc127:PH,1170103000011000,T710CEC01-R325-SN21DF5BT,IBM,8231-E1D,21DF5BT,0,4,8,3.2,4.8,4,131072,49408,81664,1,0,0.08,1,"110,01AL770",0,0,0.08,1,2017-01-02 23:56:30 GMT-06:00,300,1,1,1,PH:tlabhmc0-8231-E1D_21DF5BT:SVR,8,131072
21600,1170103000012003,tlabhmc01:aixdc127:PH,1170103000011000,T750CEC02-R329-SN102B7EP,IBM,8233-E8B,102B7EP,0,7,8,4.8,3.2,5,131072,112384,18688,1,0,0.15,1.8,"149,01AL730",0,0,0.15,1.8,2017-01-02 23:56:30 GMT-06:00,300,1,1,1,PH:tlabhmc0-8233-E8B_102B7EP:SVR,8,131072
21600,1170103003012003,tlabhmc01:aixdc127:PH,1170103003011000,T750CEC02-R329-SN102B7EP,IBM,8233-E8B,102B7EP,0,7,8,4.8,3.2,5,131072,112384,18688,1,0,0.09,1.1,"149,01AL730",0,0,0.09,1.1,2017-01-03 00:26:30 GMT-06:00,300,1,1,1,PH:tlabhmc0-8233-E8B_102B7EP:SVR,8,131072
21600,1170103003012004,tlabhmc01:aixdc127:PH,1170103003011000,T750CEC01-R325-SN102B7DP,IBM,8233-E8B,102B7DP,0,10,8,7,1,7,131072,93696,37376,1,0,0.11,1.4,"149,01AL730",0,0,0.11,1.4,2017-01-03 00:21:30 GMT-06:00,300,1,1,1,PH:tlabhmc0-8233-E8B_102B7DP:SVR,8,131072
21600,1170103001512002,tlabhmc01:aixdc127:PH,1170103001511000,T710CEC01-R325-SN21DF5BT,IBM,8231-E1D,21DF5BT,0,4,8,3.2,4.8,4,131072,49408,81664,1,0,0.09,1.1,"110,01AL770",0,0,0.09,1.1,2017-01-03 00:11:30 GMT-06:00,300,1,1,1,PH:tlabhmc0-8231-E1D_21DF5BT:SVR,8,131072
21600,1170103001512003,tlabhmc01:aixdc127:PH,1170103001511000,T710CEC02-R329-SN21DF5AT,IBM,8231-E1D,21DF5AT,0,3,8,3,5,3,131072,45568,85504,1,0,0.08,1,"110,01AL770",0,0,0.08,1,2017-01-03 00:11:30 GMT-06:00,300,1,1,1,PH:tlabhmc0-8231-E1D_21DF5AT:SVR,8,131072
21600,1170103001512004,tlabhmc01:aixdc127:PH,1170103001511000,T750CEC03-R329-SN069AA3P,IBM,8233-E8B,069AA3P,0,2,32,6,26,6,524288,114432,409856,1,0,0.09,0.3,"149,01AL730",0,0,0.09,0.3,2017-01-03 00:11:30 GMT-06:00,300,1,1,1,PH:tlabhmc0-8233-E8B_069AA3P:SVR,32,524288
21600,1170103003012000,tlabhmc01:aixdc127:PH,1170103003011000,T750CEC03-R329-SN069AA3P,IBM,8233-E8B,069AA3P,0,2,32,6,26,6,524288,114432,409856,1,0,0.1,0.3,"149,01AL730",0,0,0.1,0.3,2017-01-03 00:21:30 GMT-06:00,300,1,1,1,PH:tlabhmc0-8233-E8B_069AA3P:SVR,32,524288
21600,1170103003012001,tlabhmc01:aixdc127:PH,1170103003011000,T710CEC02-R329-SN21DF5AT,IBM,8231-E1D,21DF5AT,0,3,8,3,5,3,131072,45568,85504,1,0,0.07,0.9,"110,01AL770",0,0,0.07,0.9,2017-01-03 00:21:30 GMT-06:00,300,1,1,1,PH:tlabhmc0-8231-E1D_21DF5AT:SVR,8,131072
21600,1170103003012002,tlabhmc01:aixdc127:PH,1170103003011000,T710CEC01-R325-SN21DF5BT,IBM,8231-E1D,21DF5BT,0,4,8,3.2,4.8,4,131072,49408,81664,1,0,0.09,1.1,"110,01AL770",0,0,0.09,1.1,2017-01-03 00:26:30 GMT-06:00,300,1,1,1,PH:tlabhmc0-8231-E1D_21DF5BT:SVR,8,131072
21600,1170103000025002,pshmc10:aixdc148:PH,1170103000024000,P550CEC36-R616-SN101B716,IBM,8204-E8A,101B716,0,1,4,4,0,0,32768,32768,0,0,0,0.36,9,"143,01EL350",0.36,9,0,0,2017-01-02 23:50:22 GMT-06:00,300,1,1,1,PH:pshmc10-8204-E8A_101B716:SVR,4,32768
21600,1170103004512000,tlabhmc01:aixdc127:PH,1170103004511000,T710CEC02-R329-SN21DF5AT,IBM,8231-E1D,21DF5AT,0,3,8,3,5,3,131072,45568,85504,1,0,0.08,1,"110,01AL770",0,0,0.08,1,2017-01-03 00:36:30 GMT-06:00,300,1,1,1,PH:tlabhmc0-8231-E1D_21DF5AT:SVR,8,131072
21600,1170103004512001,tlabhmc01:aixdc127:PH,1170103004511000,T750CEC01-R325-SN102B7DP,IBM,8233-E8B,102B7DP,0,10,8,7,1,7,131072,93696,37376,1,0,0.11,1.4,"149,01AL730",0,0,0.11,1.4,2017-01-03 00:41:30 GMT-06:00,300,1,1,1,PH:tlabhmc0-8233-E8B_102B7DP:SVR,8,131072
21600,1170103004512002,tlabhmc01:aixdc127:PH,1170103004511000,T750CEC02-R329-SN102B7EP,IBM,8233-E8B,102B7EP,0,7,8,4.8,3.2,5,131072,112384,18688,1,0,0.07,0.8,"149,01AL730",0,0,0.07,0.8,2017-01-03 00:36:30 GMT-06:00,300,1,1,1,PH:tlabhmc0-8233-E8B_102B7EP:SVR,8,131072
21600,1170103004512003,tlabhmc01:aixdc127:PH,1170103004511000,T750CEC03-R329-SN069AA3P,IBM,8233-E8B,069AA3P,0,2,32,6,26,6,524288,114432,409856,1,0,0.1,0.3,"149,01AL730",0,0,0.1,0.3,2017-01-03 00:36:30 GMT-06:00,300,1,1,1,PH:tlabhmc0-8233-E8B_069AA3P:SVR,32,524288
21600,1170103004512004,tlabhmc01:aixdc127:PH,1170103004511000,T710CEC01-R325-SN21DF5BT,IBM,8231-E1D,21DF5BT,0,4,8,3.2,4.8,4,131072,49408,81664,1,0,0.09,1.1,"110,01AL770",0,0,0.09,1.1,2017-01-03 00:36:30 GMT-06:00,300,1,1,1,PH:tlabhmc0-8231-E1D_21DF5BT:SVR,8,131072
21600,1170103000025000,pshmc10:aixdc148:PH,1170103000024000,P550CEC33-R617-SN101B6E6,IBM,8204-E8A,101B6E6,0,1,4,4,0,0,32768,32768,0,0,0,0.13,3.4,"143,01EL350",0.13,3.4,0,0,2017-01-02 23:50:22 GMT-06:00,300,1,1,1,PH:pshmc10-8204-E8A_101B6E6:SVR,4,32768
21600,1170103000025001,pshmc10:aixdc148:PH,1170103000024000,P550CEC35-R617-SN101B706,IBM,8204-E8A,101B706,0,1,4,4,0,0,32768,32768,0,0,0,1.1,27.4,"143,01EL350",1.1,27.4,0,0,2017-01-02 23:50:22 GMT-06:00,300,1,1,1,PH:pshmc10-8204-E8A_101B706:SVR,4,32768
21600,1170103000025003,pshmc10:aixdc148:PH,1170103000024000,P550CEC34-R617-SN101B6F6,IBM,8204-E8A,101B6F6,0,1,4,4,0,0,32768,32768,0,0,0,0.14,3.6,"143,01EL350",0.14,3.6,0,0,2017-01-02 23:50:22 GMT-06:00,300,1,1,1,PH:pshmc10-8204-E8A_101B6F6:SVR,4,32768
21600,1170103000025004,pshmc10:aixdc148:PH,1170103000024000,P550CEC32-R617-SN101B6D6,IBM,8204-E8A,101B6D6,0,1,4,4,0,0,32768,32768,0,0,0,0.89,22.2,"143,01EL350",0.89,22.2,0,0,2017-01-02 23:50:22 GMT-06:00,300,1,1,1,PH:pshmc10-8204-E8A_101B6D6:SVR,4,32768
21600,1170103000025005,pshmc10:aixdc148:PH,1170103000024000,P550CEC30-R616-SN101B6B6,IBM,8204-E8A,101B6B6,0,1,4,4,0,0,32768,32768,0,0,0,0.06,1.4,"143,01EL350",0.06,1.4,0,0,2017-01-02 23:50:23 GMT-06:00,300,1,1,1,PH:pshmc10-8204-E8A_101B6B6:SVR,4,32768
21600,1170103000025006,pshmc10:aixdc148:PH,1170103000024000,P550CEC31-R617-SN101B6C6,IBM,8204-E8A,101B6C6,0,1,4,4,0,0,32768,32768,0,0,0,0.24,5.9,"143,01EL350",0.24,5.9,0,0,2017-01-02 23:50:23 GMT-06:00,300,1,1,1,PH:pshmc10-8204-E8A_101B6C6:SVR,4,32768
21600,1170103001525000,pshmc10:aixdc148:PH,1170103001524000,P550CEC35-R617-SN101B706,IBM,8204-E8A,101B706,0,1,4,4,0,0,32768,32768,0,0,0,1.18,29.4,"143,01EL350",1.18,29.4,0,0,2017-01-03 00:05:25 GMT-06:00,300,1,1,1,PH:pshmc10-8204-E8A_101B706:SVR,4,32768
21600,1170103001525001,pshmc10:aixdc148:PH,1170103001524000,P550CEC34-R617-SN101B6F6,IBM,8204-E8A,101B6F6,0,1,4,4,0,0,32768,32768,0,0,0,0.14,3.4,"143,01EL350",0.14,3.4,0,0,2017-01-03 00:05:25 GMT-06:00,300,1,1,1,PH:pshmc10-8204-E8A_101B6F6:SVR,4,32768
21600,1170103001525002,pshmc10:aixdc148:PH,1170103001524000,P550CEC32-R617-SN101B6D6,IBM,8204-E8A,101B6D6,0,1,4,4,0,0,32768,32768,0,0,0,0.41,10.2,"143,01EL350",0.41,10.2,0,0,2017-01-03 00:05:25 GMT-06:00,300,1,1,1,PH:pshmc10-8204-E8A_101B6D6:SVR,4,32768
21600,1170103001525003,pshmc10:aixdc148:PH,1170103001524000,P550CEC36-R616-SN101B716,IBM,8204-E8A,101B716,0,1,4,4,0,0,32768,32768,0,0,0,0.41,10.3,"143,01EL350",0.41,10.3,0,0,2017-01-03 00:05:25 GMT-06:00,300,1,1,1,PH:pshmc10-8204-E8A_101B716:SVR,4,32768
21600,1170103001525004,pshmc10:aixdc148:PH,1170103001524000,P550CEC30-R616-SN101B6B6,IBM,8204-E8A,101B6B6,0,1,4,4,0,0,32768,32768,0,0,0,0.06,1.5,"143,01EL350",0.06,1.5,0,0,2017-01-03 00:05:26 GMT-06:00,300,1,1,1,PH:pshmc10-8204-E8A_101B6B6:SVR,4,32768
21600,1170103001525005,pshmc10:aixdc148:PH,1170103001524000,P550CEC33-R617-SN101B6E6,IBM,8204-E8A,101B6E6,0,1,4,4,0,0,32768,32768,0,0,0,0.13,3.2,"143,01EL350",0.13,3.2,0,0,2017-01-03 00:05:25 GMT-06:00,300,1,1,1,PH:pshmc10-8204-E8A_101B6E6:SVR,4,32768
21600,1170103001525006,pshmc10:aixdc148:PH,1170103001524000,P550CEC31-R617-SN101B6C6,IBM,8204-E8A,101B6C6,0,1,4,4,0,0,32768,32768,0,0,0,0.21,5.2,"143,01EL350",0.21,5.2,0,0,2017-01-03 00:05:26 GMT-06:00,300,1,1,1,PH:pshmc10-8204-E8A_101B6C6:SVR,4,32768
21600,1170103003025000,pshmc10:aixdc148:PH,1170103003024000,P550CEC35-R617-SN101B706,IBM,8204-E8A,101B706,0,1,4,4,0,0,32768,32768,0,0,0,1.04,26.1,"143,01EL350",1.04,26.1,0,0,2017-01-03 00:20:29 GMT-06:00,300,1,1,1,PH:pshmc10-8204-E8A_101B706:SVR,4,32768
21600,1170103003025001,pshmc10:aixdc148:PH,1170103003024000,P550CEC32-R617-SN101B6D6,IBM,8204-E8A,101B6D6,0,1,4,4,0,0,32768,32768,0,0,0,0.32,7.9,"143,01EL350",0.32,7.9,0,0,2017-01-03 00:20:29 GMT-06:00,300,1,1,1,PH:pshmc10-8204-E8A_101B6D6:SVR,4,32768
21600,1170103003025002,pshmc10:aixdc148:PH,1170103003024000,P550CEC36-R616-SN101B716,IBM,8204-E8A,101B716,0,1,4,4,0,0,32768,32768,0,0,0,0.32,8.1,"143,01EL350",0.32,8.1,0,0,2017-01-03 00:20:30 GMT-06:00,300,1,1,1,PH:pshmc10-8204-E8A_101B716:SVR,4,32768
21600,1170103003025003,pshmc10:aixdc148:PH,1170103003024000,P550CEC30-R616-SN101B6B6,IBM,8204-E8A,101B6B6,0,1,4,4,0,0,32768,32768,0,0,0,0.06,1.4,"143,01EL350",0.06,1.4,0,0,2017-01-03 00:20:30 GMT-06:00,300,1,1,1,PH:pshmc10-8204-E8A_101B6B6:SVR,4,32768
21600,1170103003025004,pshmc10:aixdc148:PH,1170103003024000,P550CEC34-R617-SN101B6F6,IBM,8204-E8A,101B6F6,0,1,4,4,0,0,32768,32768,0,0,0,0.14,3.4,"143,01EL350",0.14,3.4,0,0,2017-01-03 00:20:30 GMT-06:00,300,1,1,1,PH:pshmc10-8204-E8A_101B6F6:SVR,4,32768
21600,1170103003025006,pshmc10:aixdc148:PH,1170103003024000,P550CEC33-R617-SN101B6E6,IBM,8204-E8A,101B6E6,0,1,4,4,0,0,32768,32768,0,0,0,0.13,3.2,"143,01EL350",0.13,3.2,0,0,2017-01-03 00:20:29 GMT-06:00,300,1,1,1,PH:pshmc10-8204-E8A_101B6E6:SVR,4,32768
21600,1170103004525000,pshmc10:aixdc148:PH,1170103004524000,P550CEC34-R617-SN101B6F6,IBM,8204-E8A,101B6F6,0,1,4,4,0,0,32768,32768,0,0,0,0.13,3.3,"143,01EL350",0.13,3.3,0,0,2017-01-03 00:35:34 GMT-06:00,300,1,1,1,PH:pshmc10-8204-E8A_101B6F6:SVR,4,32768
21600,1170103004525001,pshmc10:aixdc148:PH,1170103004524000,P550CEC33-R617-SN101B6E6,IBM,8204-E8A,101B6E6,0,1,4,4,0,0,32768,32768,0,0,0,0.13,3.2,"143,01EL350",0.13,3.2,0,0,2017-01-03 00:35:34 GMT-06:00,300,1,1,1,PH:pshmc10-8204-E8A_101B6E6:SVR,4,32768
21600,1170103004525002,pshmc10:aixdc148:PH,1170103004524000,P550CEC36-R616-SN101B716,IBM,8204-E8A,101B716,0,1,4,4,0,0,32768,32768,0,0,0,0.3,7.5,"143,01EL350",0.3,7.5,0,0,2017-01-03 00:35:34 GMT-06:00,300,1,1,1,PH:pshmc10-8204-E8A_101B716:SVR,4,32768
21600,1170103004525003,pshmc10:aixdc148:PH,1170103004524000,P550CEC31-R617-SN101B6C6,IBM,8204-E8A,101B6C6,0,1,4,4,0,0,32768,32768,0,0,0,0.23,5.7,"143,01EL350",0.23,5.7,0,0,2017-01-03 00:35:34 GMT-06:00,300,1,1,1,PH:pshmc10-8204-E8A_101B6C6:SVR,4,32768
21600,1170103004525004,pshmc10:aixdc148:PH,1170103004524000,P550CEC30-R616-SN101B6B6,IBM,8204-E8A,101B6B6,0,1,4,4,0,0,32768,32768,0,0,0,0.06,1.4,"143,01EL350",0.06,1.4,0,0,2017-01-03 00:35:34 GMT-06:00,300,1,1,1,PH:pshmc10-8204-E8A_101B6B6:SVR,4,32768
21600,1170103004525005,pshmc10:aixdc148:PH,1170103004524000,P550CEC35-R617-SN101B706,IBM,8204-E8A,101B706,0,1,4,4,0,0,32768,32768,0,0,0,1.01,25.3,"143,01EL350",1.01,25.3,0,0,2017-01-03 00:35:33 GMT-06:00,300,1,1,1,PH:pshmc10-8204-E8A_101B706:SVR,4,32768
21600,1170103003025005,pshmc10:aixdc148:PH,1170103003024000,P550CEC31-R617-SN101B6C6,IBM,8204-E8A,101B6C6,0,1,4,4,0,0,32768,32768,0,0,0,0.21,5.3,"143,01EL350",0.21,5.3,0,0,2017-01-03 00:20:30 GMT-06:00,300,1,1,1,PH:pshmc10-8204-E8A_101B6C6:SVR,4,32768
21600,1170103000042001,pshmc11:aixdc148:PH,1170103000041000,P550CEC35-R617-SN101B706,IBM,8204-E8A,101B706,0,1,4,4,0,0,32768,32768,0,0,0,1.03,25.8,"143,01EL350",1.03,25.8,0,0,2017-01-02 23:40:13 GMT-06:00,300,1,1,1,PH:pshmc11-8204-E8A_101B706:SVR,4,32768
21600,1170103000042002,pshmc11:aixdc148:PH,1170103000041000,P550CEC33-R617-SN101B6E6,IBM,8204-E8A,101B6E6,0,1,4,4,0,0,32768,32768,0,0,0,0.13,3.2,"143,01EL350",0.13,3.2,0,0,2017-01-02 23:40:13 GMT-06:00,300,1,1,1,PH:pshmc11-8204-E8A_101B6E6:SVR,4,32768
21600,1170103000042003,pshmc11:aixdc148:PH,1170103000041000,P550CEC34-R617-SN101B6F6,IBM,8204-E8A,101B6F6,0,1,4,4,0,0,32768,32768,0,0,0,0.14,3.4,"143,01EL350",0.14,3.4,0,0,2017-01-02 23:40:14 GMT-06:00,300,1,1,1,PH:pshmc11-8204-E8A_101B6F6:SVR,4,32768
21600,1170103000042004,pshmc11:aixdc148:PH,1170103000041000,P550CEC36-R616-SN101B716,IBM,8204-E8A,101B716,0,1,4,4,0,0,32768,32768,0,0,0,0.32,7.9,"143,01EL350",0.32,7.9,0,0,2017-01-02 23:40:13 GMT-06:00,300,1,1,1,PH:pshmc11-8204-E8A_101B716:SVR,4,32768
21600,1170103000042005,pshmc11:aixdc148:PH,1170103000041000,P550CEC30-R616-SN101B6B6,IBM,8204-E8A,101B6B6,0,1,4,4,0,0,32768,32768,0,0,0,0.06,1.4,"143,01EL350",0.06,1.4,0,0,2017-01-02 23:40:14 GMT-06:00,300,1,1,1,PH:pshmc11-8204-E8A_101B6B6:SVR,4,32768
21600,1170103000042006,pshmc11:aixdc148:PH,1170103000041000,P550CEC32-R617-SN101B6D6,IBM,8204-E8A,101B6D6,0,1,4,4,0,0,32768,32768,0,0,0,1.02,25.5,"143,01EL350",1.02,25.5,0,0,2017-01-02 23:40:13 GMT-06:00,300,1,1,1,PH:pshmc11-8204-E8A_101B6D6:SVR,4,32768
21600,1170103004525006,pshmc10:aixdc148:PH,1170103004524000,P550CEC32-R617-SN101B6D6,IBM,8204-E8A,101B6D6,0,1,4,4,0,0,32768,32768,0,0,0,0.29,7.3,"143,01EL350",0.29,7.3,0,0,2017-01-03 00:35:33 GMT-06:00,300,1,1,1,PH:pshmc10-8204-E8A_101B6D6:SVR,4,32768
21600,1170103000042000,pshmc11:aixdc148:PH,1170103000041000,P550CEC31-R617-SN101B6C6,IBM,8204-E8A,101B6C6,0,1,4,4,0,0,32768,32768,0,0,0,0.26,6.5,"143,01EL350",0.26,6.5,0,0,2017-01-02 23:40:14 GMT-06:00,300,1,1,1,PH:pshmc11-8204-E8A_101B6C6:SVR,4,32768
21600,1170103001542003,pshmc11:aixdc148:PH,1170103001541000,P550CEC32-R617-SN101B6D6,IBM,8204-E8A,101B6D6,0,1,4,4,0,0,32768,32768,0,0,0,0.31,7.9,"143,01EL350",0.31,7.9,0,0,2017-01-03 00:00:02 GMT-06:00,300,1,1,1,PH:pshmc11-8204-E8A_101B6D6:SVR,4,32768
21600,1170103001542004,pshmc11:aixdc148:PH,1170103001541000,P550CEC31-R617-SN101B6C6,IBM,8204-E8A,101B6C6,0,1,4,4,0,0,32768,32768,0,0,0,0.24,6,"143,01EL350",0.24,6,0,0,2017-01-02 23:55:19 GMT-06:00,300,1,1,1,PH:pshmc11-8204-E8A_101B6C6:SVR,4,32768
21600,1170103001542005,pshmc11:aixdc148:PH,1170103001541000,P550CEC35-R617-SN101B706,IBM,8204-E8A,101B706,0,1,4,4,0,0,32768,32768,0,0,0,1.32,33,"143,01EL350",1.32,33,0,0,2017-01-02 23:55:18 GMT-06:00,300,1,1,1,PH:pshmc11-8204-E8A_101B706:SVR,4,32768
21600,1170103001542006,pshmc11:aixdc148:PH,1170103001541000,P550CEC33-R617-SN101B6E6,IBM,8204-E8A,101B6E6,0,1,4,4,0,0,32768,32768,0,0,0,0.16,3.9,"143,01EL350",0.16,3.9,0,0,2017-01-02 23:55:18 GMT-06:00,300,1,1,1,PH:pshmc11-8204-E8A_101B6E6:SVR,4,32768
21600,1170103003042000,pshmc11:aixdc148:PH,1170103003041000,P550CEC30-R616-SN101B6B6,IBM,8204-E8A,101B6B6,0,1,4,4,0,0,32768,32768,0,0,0,0.05,1.4,"143,01EL350",0.05,1.4,0,0,2017-01-03 00:10:22 GMT-06:00,300,1,1,1,PH:pshmc11-8204-E8A_101B6B6:SVR,4,32768
21600,1170103001542000,pshmc11:aixdc148:PH,1170103001541000,P550CEC36-R616-SN101B716,IBM,8204-E8A,101B716,0,1,4,4,0,0,32768,32768,0,0,0,0.59,14.7,"143,01EL350",0.59,14.7,0,0,2017-01-02 23:55:18 GMT-06:00,300,1,1,1,PH:pshmc11-8204-E8A_101B716:SVR,4,32768
21600,1170103001542001,pshmc11:aixdc148:PH,1170103001541000,P550CEC30-R616-SN101B6B6,IBM,8204-E8A,101B6B6,0,1,4,4,0,0,32768,32768,0,0,0,0.13,3.3,"143,01EL350",0.13,3.3,0,0,2017-01-02 23:55:19 GMT-06:00,300,1,1,1,PH:pshmc11-8204-E8A_101B6B6:SVR,4,32768
21600,1170103001542002,pshmc11:aixdc148:PH,1170103001541000,P550CEC34-R617-SN101B6F6,IBM,8204-E8A,101B6F6,0,1,4,4,0,0,32768,32768,0,0,0,0.15,3.9,"143,01EL350",0.15,3.9,0,0,2017-01-02 23:55:18 GMT-06:00,300,1,1,1,PH:pshmc11-8204-E8A_101B6F6:SVR,4,32768
21600,1170103003042005,pshmc11:aixdc148:PH,1170103003041000,P550CEC36-R616-SN101B716,IBM,8204-E8A,101B716,0,1,4,4,0,0,32768,32768,0,0,0,0.32,8,"143,01EL350",0.32,8,0,0,2017-01-03 00:10:21 GMT-06:00,300,1,1,1,PH:pshmc11-8204-E8A_101B716:SVR,4,32768
21600,1170103003042006,pshmc11:aixdc148:PH,1170103003041000,P550CEC35-R617-SN101B706,IBM,8204-E8A,101B706,0,1,4,4,0,0,32768,32768,0,0,0,1.04,25.9,"143,01EL350",1.04,25.9,0,0,2017-01-03 00:10:21 GMT-06:00,300,1,1,1,PH:pshmc11-8204-E8A_101B706:SVR,4,32768
21600,1170103004542000,pshmc11:aixdc148:PH,1170103004541000,P550CEC32-R617-SN101B6D6,IBM,8204-E8A,101B6D6,0,1,4,4,0,0,32768,32768,0,0,0,0.3,7.5,"143,01EL350",0.3,7.5,0,0,2017-01-03 00:30:26 GMT-06:00,300,1,1,1,PH:pshmc11-8204-E8A_101B6D6:SVR,4,32768
21600,1170103004542001,pshmc11:aixdc148:PH,1170103004541000,P550CEC31-R617-SN101B6C6,IBM,8204-E8A,101B6C6,0,1,4,4,0,0,32768,32768,0,0,0,0.22,5.4,"143,01EL350",0.22,5.4,0,0,2017-01-03 00:25:26 GMT-06:00,300,1,1,1,PH:pshmc11-8204-E8A_101B6C6:SVR,4,32768
21600,1170103003042001,pshmc11:aixdc148:PH,1170103003041000,P550CEC32-R617-SN101B6D6,IBM,8204-E8A,101B6D6,0,1,4,4,0,0,32768,32768,0,0,0,0.3,7.6,"143,01EL350",0.3,7.6,0,0,2017-01-03 00:15:22 GMT-06:00,300,1,1,1,PH:pshmc11-8204-E8A_101B6D6:SVR,4,32768
21600,1170103003042002,pshmc11:aixdc148:PH,1170103003041000,P550CEC33-R617-SN101B6E6,IBM,8204-E8A,101B6E6,0,1,4,4,0,0,32768,32768,0,0,0,0.13,3.2,"143,01EL350",0.13,3.2,0,0,2017-01-03 00:10:21 GMT-06:00,300,1,1,1,PH:pshmc11-8204-E8A_101B6E6:SVR,4,32768
21600,1170103003042003,pshmc11:aixdc148:PH,1170103003041000,P550CEC31-R617-SN101B6C6,IBM,8204-E8A,101B6C6,0,1,4,4,0,0,32768,32768,0,0,0,0.22,5.4,"143,01EL350",0.22,5.4,0,0,2017-01-03 00:10:22 GMT-06:00,300,1,1,1,PH:pshmc11-8204-E8A_101B6C6:SVR,4,32768
21600,1170103003042004,pshmc11:aixdc148:PH,1170103003041000,P550CEC34-R617-SN101B6F6,IBM,8204-E8A,101B6F6,0,1,4,4,0,0,32768,32768,0,0,0,0.14,3.4,"143,01EL350",0.14,3.4,0,0,2017-01-03 00:10:21 GMT-06:00,300,1,1,1,PH:pshmc11-8204-E8A_101B6F6:SVR,4,32768
21600,1170103000046000,pshmc01:aixdc148:PH,1170103000045000,P740CEC15-R642-SN10D785R,IBM,8205-E6C,10D785R,0,1,16,10,6,10,65536,33280,32256,1,0,0.07,0.4,"159,01AL740",0,0,0.07,0.4,2017-01-02 23:59:48 GMT-06:00,60,1,1,1,PH:pshmc01-8205-E6C_10D785R:SVR,16,65536
21600,1170103000046001,pshmc01:aixdc148:PH,1170103000045000,P770CEC16-R651-SN105A4E7-VF3,IBM,9117-MMD,105A4E7,0,36,32,32,0,32,2097152,1006592,1090560,1,0,11.11,34.7,"78,01AM760",0,0,11.11,34.7,2017-01-02 23:59:48 GMT-06:00,60,1,1,1,PH:pshmc01-9117-MMD_105A4E7:SVR,32,2097152
21600,1170103000046002,pshmc01:aixdc148:PH,1170103000045000,P740CEC14-R630-SN10D787R,IBM,8205-E6C,10D787R,0,1,16,10,6,10,65536,33280,32256,1,0,1.86,11.6,"159,01AL740",0,0,1.86,11.6,2017-01-02 23:59:48 GMT-06:00,60,1,1,1,PH:pshmc01-8205-E6C_10D787R:SVR,16,65536
21600,1170103004542002,pshmc11:aixdc148:PH,1170103004541000,P550CEC30-R616-SN101B6B6,IBM,8204-E8A,101B6B6,0,1,4,4,0,0,32768,32768,0,0,0,0.05,1.4,"143,01EL350",0.05,1.4,0,0,2017-01-03 00:25:26 GMT-06:00,300,1,1,1,PH:pshmc11-8204-E8A_101B6B6:SVR,4,32768
21600,1170103004542003,pshmc11:aixdc148:PH,1170103004541000,P550CEC33-R617-SN101B6E6,IBM,8204-E8A,101B6E6,0,1,4,4,0,0,32768,32768,0,0,0,0.13,3.2,"143,01EL350",0.13,3.2,0,0,2017-01-03 00:25:26 GMT-06:00,300,1,1,1,PH:pshmc11-8204-E8A_101B6E6:SVR,4,32768
21600,1170103004542004,pshmc11:aixdc148:PH,1170103004541000,P550CEC34-R617-SN101B6F6,IBM,8204-E8A,101B6F6,0,1,4,4,0,0,32768,32768,0,0,0,0.13,3.4,"143,01EL350",0.13,3.4,0,0,2017-01-03 00:25:26 GMT-06:00,300,1,1,1,PH:pshmc11-8204-E8A_101B6F6:SVR,4,32768
21600,1170103004542005,pshmc11:aixdc148:PH,1170103004541000,P550CEC35-R617-SN101B706,IBM,8204-E8A,101B706,0,1,4,4,0,0,32768,32768,0,0,0,1.02,25.5,"143,01EL350",1.02,25.5,0,0,2017-01-03 00:25:25 GMT-06:00,300,1,1,1,PH:pshmc11-8204-E8A_101B706:SVR,4,32768
21600,1170103004542006,pshmc11:aixdc148:PH,1170103004541000,P550CEC36-R616-SN101B716,IBM,8204-E8A,101B716,0,1,4,4,0,0,32768,32768,0,0,0,0.3,7.6,"143,01EL350",0.3,7.6,0,0,2017-01-03 00:25:25 GMT-06:00,300,1,1,1,PH:pshmc11-8204-E8A_101B716:SVR,4,32768
21600,1170103000046009,pshmc01:aixdc148:PH,1170103000045000,P770CEC15-R648-SN105A4F7-VF3,IBM,9117-MMD,105A4F7,0,38,32,32,0,32,2097152,1125376,971776,1,0,6.31,19.7,"68,01AM760",0,0,6.31,19.7,2017-01-02 23:59:48 GMT-06:00,60,1,1,1,PH:pshmc01-9117-MMD_105A4F7:SVR,32,2097152
21600,1170103000046010,pshmc01:aixdc148:PH,1170103000045000,P770CEC14-R647-SN063DE97-VF3,IBM,9117-MMD,063DE97,0,32,32,30.7,1.3,31,1048576,1043200,5376,1,0,10.68,33.4,"75,01AM780",0,0,10.68,33.4,2017-01-02 23:59:48 GMT-06:00,60,1,1,1,PH:pshmc01-9117-MMD_063DE97:SVR,32,1048576
21600,1170103000046003,pshmc01:aixdc148:PH,1170103000045000,P740CEC21-R647-SN10B3DDT,IBM,8205-E6D,10B3DDT,0,1,12,12,0,12,65536,65536,0,1,0,3.56,29.7,"52,01AL770",0,0,3.56,29.7,2017-01-02 23:52:48 GMT-06:00,300,1,1,1,PH:pshmc01-8205-E6D_10B3DDT:SVR,12,65536
21600,1170103000046004,pshmc01:aixdc148:PH,1170103000045000,P770CEC10-R642-SN102D017,IBM,9117-MMC,102D017,0,2,23,23,0,23,110592,110080,512,1,0,2.88,12.5,"109,01AM770",0,0,2.88,12.5,2017-01-02 23:59:48 GMT-06:00,60,1,1,1,PH:pshmc01-9117-MMC_102D017:SVR,32,131072
21600,1170103000046005,pshmc01:aixdc148:PH,1170103000045000,P740CEC20-R646-SN10B3DCT,IBM,8205-E6D,10B3DCT,0,1,12,12,0,12,65536,65536,0,1,0,3.29,27.4,"52,01AL770",0,0,3.29,27.4,2017-01-02 23:52:48 GMT-06:00,300,1,1,1,PH:pshmc01-8205-E6D_10B3DCT:SVR,12,65536
21600,1170103000046006,pshmc01:aixdc148:PH,1170103000045000,P740CEC16-R630-SN0605B8T,IBM,8205-E6C,0605B8T,0,1,16,8,8,8,131072,78080,52992,1,0,1.23,7.7,"152,01AL740",0,0,1.23,7.7,2017-01-02 23:59:48 GMT-06:00,60,1,1,1,PH:pshmc01-8205-E6C_0605B8T:SVR,16,131072
21600,1170103000046007,pshmc01:aixdc148:PH,1170103000045000,P740CEC17-R642-SN0605B7T,IBM,8205-E6C,0605B7T,0,7,16,4.5,11.5,5,131072,70144,60928,1,0,1.13,7,"100,01AL740",0,0,1.13,7,2017-01-02 23:59:48 GMT-06:00,60,1,1,1,PH:pshmc01-8205-E6C_0605B7T:SVR,16,131072
21600,1170103000046008,pshmc01:aixdc148:PH,1170103000045000,P770CEC09-R630-SN102D027,IBM,9117-MMC,102D027,0,2,23,23,0,23,110592,110080,512,1,0,0.16,0.7,"109,01AM770",0,0,0.16,0.7,2017-01-02 23:59:48 GMT-06:00,60,1,1,1,PH:pshmc01-9117-MMC_102D027:SVR,32,131072
21600,1170103001546007,pshmc01:aixdc148:PH,1170103001545000,P740CEC20-R646-SN10B3DCT,IBM,8205-E6D,10B3DCT,0,1,12,12,0,12,65536,65536,0,1,0,4.26,35.5,"52,01AL770",0,0,4.26,35.5,2017-01-03 00:12:48 GMT-06:00,300,1,1,1,PH:pshmc01-8205-E6D_10B3DCT:SVR,12,65536
21600,1170103001546000,pshmc01:aixdc148:PH,1170103001545000,P770CEC16-R651-SN105A4E7-VF3,IBM,9117-MMD,105A4E7,0,36,32,32,0,32,2097152,1006592,1090560,1,0,10.63,33.2,"78,01AM760",0,0,10.63,33.2,2017-01-03 00:14:48 GMT-06:00,60,1,1,1,PH:pshmc01-9117-MMD_105A4E7:SVR,32,2097152
21600,1170103001546001,pshmc01:aixdc148:PH,1170103001545000,P740CEC21-R647-SN10B3DDT,IBM,8205-E6D,10B3DDT,0,1,12,12,0,12,65536,65536,0,1,0,3.86,32.1,"52,01AL770",0,0,3.86,32.1,2017-01-03 00:12:48 GMT-06:00,300,1,1,1,PH:pshmc01-8205-E6D_10B3DDT:SVR,12,65536
21600,1170103001546002,pshmc01:aixdc148:PH,1170103001545000,P740CEC17-R642-SN0605B7T,IBM,8205-E6C,0605B7T,0,7,16,4.5,11.5,5,131072,70144,60928,1,0,1.07,6.7,"100,01AL740",0,0,1.07,6.7,2017-01-03 00:14:48 GMT-06:00,60,1,1,1,PH:pshmc01-8205-E6C_0605B7T:SVR,16,131072
21600,1170103001546003,pshmc01:aixdc148:PH,1170103001545000,P770CEC10-R642-SN102D017,IBM,9117-MMC,102D017,0,2,23,23,0,23,110592,110080,512,1,0,3.29,14.3,"109,01AM770",0,0,3.29,14.3,2017-01-03 00:14:48 GMT-06:00,60,1,1,1,PH:pshmc01-9117-MMC_102D017:SVR,32,131072
21600,1170103001546004,pshmc01:aixdc148:PH,1170103001545000,P740CEC16-R630-SN0605B8T,IBM,8205-E6C,0605B8T,0,1,16,8,8,8,131072,78080,52992,1,0,1.33,8.3,"152,01AL740",0,0,1.33,8.3,2017-01-03 00:14:48 GMT-06:00,60,1,1,1,PH:pshmc01-8205-E6C_0605B8T:SVR,16,131072
21600,1170103001546005,pshmc01:aixdc148:PH,1170103001545000,P770CEC14-R647-SN063DE97-VF3,IBM,9117-MMD,063DE97,0,32,32,30.7,1.3,31,1048576,1043200,5376,1,0,14.38,44.9,"75,01AM780",0,0,14.38,44.9,2017-01-03 00:14:48 GMT-06:00,60,1,1,1,PH:pshmc01-9117-MMD_063DE97:SVR,32,1048576
21600,1170103001546006,pshmc01:aixdc148:PH,1170103001545000,P740CEC15-R642-SN10D785R,IBM,8205-E6C,10D785R,0,1,16,10,6,10,65536,33280,32256,1,0,0.06,0.4,"159,01AL740",0,0,0.06,0.4,2017-01-03 00:14:48 GMT-06:00,60,1,1,1,PH:pshmc01-8205-E6C_10D785R:SVR,16,65536
21600,1170103001546008,pshmc01:aixdc148:PH,1170103001545000,P770CEC09-R630-SN102D027,IBM,9117-MMC,102D027,0,2,23,23,0,23,110592,110080,512,1,0,0.17,0.7,"109,01AM770",0,0,0.17,0.7,2017-01-03 00:14:48 GMT-06:00,60,1,1,1,PH:pshmc01-9117-MMC_102D027:SVR,32,131072
21600,1170103001546009,pshmc01:aixdc148:PH,1170103001545000,P770CEC15-R648-SN105A4F7-VF3,IBM,9117-MMD,105A4F7,0,38,32,32,0,32,2097152,1125376,971776,1,0,6.96,21.8,"68,01AM760",0,0,6.96,21.8,2017-01-03 00:14:48 GMT-06:00,60,1,1,1,PH:pshmc01-9117-MMD_105A4F7:SVR,32,2097152
21600,1170103001546010,pshmc01:aixdc148:PH,1170103001545000,P740CEC14-R630-SN10D787R,IBM,8205-E6C,10D787R,0,1,16,10,6,10,65536,33280,32256,1,0,1.21,7.6,"159,01AL740",0,0,1.21,7.6,2017-01-03 00:14:48 GMT-06:00,60,1,1,1,PH:pshmc01-8205-E6C_10D787R:SVR,16,65536
21600,1170103003046000,pshmc01:aixdc148:PH,1170103003045000,P770CEC15-R648-SN105A4F7-VF3,IBM,9117-MMD,105A4F7,0,38,32,32,0,32,2097152,1125376,971776,1,0,8.36,26.1,"68,01AM760",0,0,8.36,26.1,2017-01-03 00:29:48 GMT-06:00,60,1,1,1,PH:pshmc01-9117-MMD_105A4F7:SVR,32,2097152
21600,1170103003046001,pshmc01:aixdc148:PH,1170103003045000,P740CEC16-R630-SN0605B8T,IBM,8205-E6C,0605B8T,0,1,16,8,8,8,131072,78080,52992,1,0,0.29,1.8,"152,01AL740",0,0,0.29,1.8,2017-01-03 00:29:48 GMT-06:00,60,1,1,1,PH:pshmc01-8205-E6C_0605B8T:SVR,16,131072
21600,1170103003046002,pshmc01:aixdc148:PH,1170103003045000,P770CEC14-R647-SN063DE97-VF3,IBM,9117-MMD,063DE97,0,32,32,30.7,1.3,31,1048576,1043200,5376,1,0,15.81,49.4,"75,01AM780",0,0,15.81,49.4,2017-01-03 00:29:48 GMT-06:00,60,1,1,1,PH:pshmc01-9117-MMD_063DE97:SVR,32,1048576
21600,1170103003046003,pshmc01:aixdc148:PH,1170103003045000,P740CEC21-R647-SN10B3DDT,IBM,8205-E6D,10B3DDT,0,1,12,12,0,12,65536,65536,0,1,0,2.79,23.2,"52,01AL770",0,0,2.79,23.2,2017-01-03 00:27:48 GMT-06:00,300,1,1,1,PH:pshmc01-8205-E6D_10B3DDT:SVR,12,65536
21600,1170103003046004,pshmc01:aixdc148:PH,1170103003045000,P770CEC16-R651-SN105A4E7-VF3,IBM,9117-MMD,105A4E7,0,36,32,32,0,32,2097152,1006592,1090560,1,0,11.61,36.3,"78,01AM760",0,0,11.61,36.3,2017-01-03 00:29:48 GMT-06:00,60,1,1,1,PH:pshmc01-9117-MMD_105A4E7:SVR,32,2097152
21600,1170103003046005,pshmc01:aixdc148:PH,1170103003045000,P740CEC20-R646-SN10B3DCT,IBM,8205-E6D,10B3DCT,0,1,12,12,0,12,65536,65536,0,1,0,4.25,35.4,"52,01AL770",0,0,4.25,35.4,2017-01-03 00:27:48 GMT-06:00,300,1,1,1,PH:pshmc01-8205-E6D_10B3DCT:SVR,12,65536
21600,1170103003046006,pshmc01:aixdc148:PH,1170103003045000,P740CEC14-R630-SN10D787R,IBM,8205-E6C,10D787R,0,1,16,10,6,10,65536,33280,32256,1,0,1.13,7,"159,01AL740",0,0,1.13,7,2017-01-03 00:29:48 GMT-06:00,60,1,1,1,PH:pshmc01-8205-E6C_10D787R:SVR,16,65536
21600,1170103003046007,pshmc01:aixdc148:PH,1170103003045000,P770CEC10-R642-SN102D017,IBM,9117-MMC,102D017,0,2,23,23,0,23,110592,110080,512,1,0,2.74,11.9,"109,01AM770",0,0,2.74,11.9,2017-01-03 00:29:48 GMT-06:00,60,1,1,1,PH:pshmc01-9117-MMC_102D017:SVR,32,131072
21600,1170103003046008,pshmc01:aixdc148:PH,1170103003045000,P770CEC09-R630-SN102D027,IBM,9117-MMC,102D027,0,2,23,23,0,23,110592,110080,512,1,0,0.17,0.8,"109,01AM770",0,0,0.17,0.8,2017-01-03 00:29:48 GMT-06:00,60,1,1,1,PH:pshmc01-9117-MMC_102D027:SVR,32,131072
21600,1170103003046009,pshmc01:aixdc148:PH,1170103003045000,P740CEC17-R642-SN0605B7T,IBM,8205-E6C,0605B7T,0,7,16,4.5,11.5,5,131072,70144,60928,1,0,1.25,7.8,"100,01AL740",0,0,1.25,7.8,2017-01-03 00:29:48 GMT-06:00,60,1,1,1,PH:pshmc01-8205-E6C_0605B7T:SVR,16,131072
21600,1170103003046010,pshmc01:aixdc148:PH,1170103003045000,P740CEC15-R642-SN10D785R,IBM,8205-E6C,10D785R,0,1,16,10,6,10,65536,33280,32256,1,0,0.06,0.4,"159,01AL740",0,0,0.06,0.4,2017-01-03 00:29:48 GMT-06:00,60,1,1,1,PH:pshmc01-8205-E6C_10D785R:SVR,16,65536
21600,1170103004546000,pshmc01:aixdc148:PH,1170103004545000,P740CEC20-R646-SN10B3DCT,IBM,8205-E6D,10B3DCT,0,1,12,12,0,12,65536,65536,0,1,0,3.27,27.2,"52,01AL770",0,0,3.27,27.2,2017-01-03 00:37:49 GMT-06:00,300,1,1,1,PH:pshmc01-8205-E6D_10B3DCT:SVR,12,65536
21600,1170103004546001,pshmc01:aixdc148:PH,1170103004545000,P770CEC16-R651-SN105A4E7-VF3,IBM,9117-MMD,105A4E7,0,36,32,32,0,32,2097152,1006592,1090560,1,0,10.92,34.1,"78,01AM760",0,0,10.92,34.1,2017-01-03 00:43:49 GMT-06:00,60,1,1,1,PH:pshmc01-9117-MMD_105A4E7:SVR,32,2097152
21600,1170103004546003,pshmc01:aixdc148:PH,1170103004545000,P770CEC10-R642-SN102D017,IBM,9117-MMC,102D017,0,2,23,23,0,23,110592,110080,512,1,0,2.97,12.9,"109,01AM770",0,0,2.97,12.9,2017-01-03 00:43:49 GMT-06:00,60,1,1,1,PH:pshmc01-9117-MMC_102D017:SVR,32,131072
21600,1170103004546004,pshmc01:aixdc148:PH,1170103004545000,P770CEC14-R647-SN063DE97-VF3,IBM,9117-MMD,063DE97,0,32,32,30.7,1.3,31,1048576,1043200,5376,1,0,13.54,42.3,"75,01AM780",0,0,13.54,42.3,2017-01-03 00:43:49 GMT-06:00,60,1,1,1,PH:pshmc01-9117-MMD_063DE97:SVR,32,1048576
21600,1170103004546005,pshmc01:aixdc148:PH,1170103004545000,P770CEC09-R630-SN102D027,IBM,9117-MMC,102D027,0,2,23,23,0,23,110592,110080,512,1,0,0.16,0.7,"109,01AM770",0,0,0.16,0.7,2017-01-03 00:43:49 GMT-06:00,60,1,1,1,PH:pshmc01-9117-MMC_102D027:SVR,32,131072
21600,1170103004546006,pshmc01:aixdc148:PH,1170103004545000,P740CEC21-R647-SN10B3DDT,IBM,8205-E6D,10B3DDT,0,1,12,12,0,12,65536,65536,0,1,0,2.32,19.3,"52,01AL770",0,0,2.32,19.3,2017-01-03 00:37:49 GMT-06:00,300,1,1,1,PH:pshmc01-8205-E6D_10B3DDT:SVR,12,65536
21600,1170103004546007,pshmc01:aixdc148:PH,1170103004545000,P740CEC14-R630-SN10D787R,IBM,8205-E6C,10D787R,0,1,16,10,6,10,65536,33280,32256,1,0,2.85,17.8,"159,01AL740",0,0,2.85,17.8,2017-01-03 00:43:49 GMT-06:00,60,1,1,1,PH:pshmc01-8205-E6C_10D787R:SVR,16,65536
21600,1170103004546008,pshmc01:aixdc148:PH,1170103004545000,P740CEC15-R642-SN10D785R,IBM,8205-E6C,10D785R,0,1,16,10,6,10,65536,33280,32256,1,0,0.12,0.8,"159,01AL740",0,0,0.12,0.8,2017-01-03 00:43:49 GMT-06:00,60,1,1,1,PH:pshmc01-8205-E6C_10D785R:SVR,16,65536
21600,1170103004546009,pshmc01:aixdc148:PH,1170103004545000,P770CEC15-R648-SN105A4F7-VF3,IBM,9117-MMD,105A4F7,0,38,32,32,0,32,2097152,1125376,971776,1,0,6.56,20.5,"68,01AM760",0,0,6.56,20.5,2017-01-03 00:43:49 GMT-06:00,60,1,1,1,PH:pshmc01-9117-MMD_105A4F7:SVR,32,2097152
21600,1170103004546002,pshmc01:aixdc148:PH,1170103004545000,P740CEC17-R642-SN0605B7T,IBM,8205-E6C,0605B7T,0,7,16,4.5,11.5,5,131072,70144,60928,1,0,0.61,3.8,"100,01AL740",0,0,0.61,3.8,2017-01-03 00:43:49 GMT-06:00,60,1,1,1,PH:pshmc01-8205-E6C_0605B7T:SVR,16,131072
21600,1170103004532001,pshmc03:aixdc148:PH,1170103004531000,P550CEC6-R155-SN10D987E,IBM,9113-550,10D987E,4,0,0,0,0,0,0,0,0,0,0,-1,-1,"unavailable,unavailable",-1,-1,-1,-1,NoSamples,-1,1,1,0,PH:pshmc03-9113-550_10D987E:SVR,-1,-1
21600,1170103004532002,pshmc03:aixdc148:PH,1170103004531000,P55ACEC7-R155-SN10BCC4G,IBM,9133-55A,10BCC4G,0,1,4,2,2,2,24576,6720,17856,0,0,0.05,1.3,"358,01SF240",0,0,0.05,1.3,2017-01-03 00:40:36 GMT-06:00,300,1,1,1,PH:pshmc03-9133-55A_10BCC4G:SVR,4,24576
21600,1170103004532003,pshmc03:aixdc148:PH,1170103004531000,P550CEC15-R164-SN06C4EFA,IBM,9113-550,06C4EFA,0,2,4,4,0,4,16384,16384,0,0,0,0.14,3.5,"338,01SF240",0,0,0.14,3.5,2017-01-03 00:40:37 GMT-06:00,300,1,1,1,PH:pshmc03-9113-550_06C4EFA:SVR,4,16384
21600,1170103010032000,pshmc03:aixdc148:PH,1170103010031000,P550CEC15-R164-SN06C4EFA,IBM,9113-550,06C4EFA,0,2,4,4,0,4,16384,16384,0,0,0,0.14,3.6,"338,01SF240",0,0,0.14,3.6,2017-01-03 00:55:50 GMT-06:00,300,1,1,1,PH:pshmc03-9113-550_06C4EFA:SVR,4,16384
21600,1170103010032001,pshmc03:aixdc148:PH,1170103010031000,P55ACEC6-R155-SN10BCC1G,IBM,9133-55A,10BCC1G,0,1,4,4,0,0,8192,8192,0,0,0,-1,-1,"358,01SF240",-1,-1,-1,-1,NoSamples,300,1,1,0,PH:pshmc03-9133-55A_10BCC1G:SVR,4,8192
21600,1170103010032002,pshmc03:aixdc148:PH,1170103010031000,P55ACEC7-R155-SN10BCC4G,IBM,9133-55A,10BCC4G,0,1,4,2,2,2,24576,6720,17856,0,0,0.05,1.2,"358,01SF240",0,0,0.05,1.2,2017-01-03 00:55:49 GMT-06:00,300,1,1,1,PH:pshmc03-9133-55A_10BCC4G:SVR,4,24576
21600,1170103004546010,pshmc01:aixdc148:PH,1170103004545000,P740CEC16-R630-SN0605B8T,IBM,8205-E6C,0605B8T,0,1,16,8,8,8,131072,78080,52992,1,0,0.65,4.1,"152,01AL740",0,0,0.65,4.1,2017-01-03 00:43:49 GMT-06:00,60,1,1,1,PH:pshmc01-8205-E6C_0605B8T:SVR,16,131072
21600,1170103004532000,pshmc03:aixdc148:PH,1170103004531000,P55ACEC6-R155-SN10BCC1G,IBM,9133-55A,10BCC1G,0,1,4,4,0,0,8192,8192,0,0,0,-1,-1,"358,01SF240",-1,-1,-1,-1,NoSamples,300,1,1,0,PH:pshmc03-9133-55A_10BCC1G:SVR,4,8192
21600,1170103011532002,pshmc03:aixdc148:PH,1170103011531000,P55ACEC7-R155-SN10BCC4G,IBM,9133-55A,10BCC4G,0,1,4,2,2,2,24576,6720,17856,0,0,0.05,1.2,"358,01SF240",0,0,0.05,1.2,2017-01-03 01:10:27 GMT-06:00,300,1,1,1,PH:pshmc03-9133-55A_10BCC4G:SVR,4,24576
21600,1170103011532003,pshmc03:aixdc148:PH,1170103011531000,P550CEC15-R164-SN06C4EFA,IBM,9113-550,06C4EFA,0,2,4,4,0,4,16384,16384,0,0,0,0.13,3.2,"338,01SF240",0,0,0.13,3.2,2017-01-03 01:10:28 GMT-06:00,300,1,1,1,PH:pshmc03-9113-550_06C4EFA:SVR,4,16384
21600,1170103013032000,pshmc03:aixdc148:PH,1170103013031000,P55ACEC6-R155-SN10BCC1G,IBM,9133-55A,10BCC1G,0,1,4,4,0,0,8192,8192,0,0,0,-1,-1,"358,01SF240",-1,-1,-1,-1,NoSamples,300,1,1,0,PH:pshmc03-9133-55A_10BCC1G:SVR,4,8192
21600,1170103013032001,pshmc03:aixdc148:PH,1170103013031000,P55ACEC7-R155-SN10BCC4G,IBM,9133-55A,10BCC4G,0,1,4,2,2,2,24576,6720,17856,0,0,0.05,1.3,"358,01SF240",0,0,0.05,1.3,2017-01-03 01:25:40 GMT-06:00,300,1,1,1,PH:pshmc03-9133-55A_10BCC4G:SVR,4,24576
21600,1170103013032002,pshmc03:aixdc148:PH,1170103013031000,P550CEC15-R164-SN06C4EFA,IBM,9113-550,06C4EFA,0,2,4,4,0,4,16384,16384,0,0,0,0.13,3.4,"338,01SF240",0,0,0.13,3.4,2017-01-03 01:25:41 GMT-06:00,300,1,1,1,PH:pshmc03-9113-550_06C4EFA:SVR,4,16384
21600,1170103010032003,pshmc03:aixdc148:PH,1170103010031000,P550CEC6-R155-SN10D987E,IBM,9113-550,10D987E,4,0,0,0,0,0,0,0,0,0,0,-1,-1,"unavailable,unavailable",-1,-1,-1,-1,NoSamples,-1,1,1,0,PH:pshmc03-9113-550_10D987E:SVR,-1,-1
21600,1170103011532000,pshmc03:aixdc148:PH,1170103011531000,P550CEC6-R155-SN10D987E,IBM,9113-550,10D987E,4,0,0,0,0,0,0,0,0,0,0,-1,-1,"unavailable,unavailable",-1,-1,-1,-1,NoSamples,-1,1,1,0,PH:pshmc03-9113-550_10D987E:SVR,-1,-1
21600,1170103011532001,pshmc03:aixdc148:PH,1170103011531000,P55ACEC6-R155-SN10BCC1G,IBM,9133-55A,10BCC1G,0,1,4,4,0,0,8192,8192,0,0,0,-1,-1,"358,01SF240",-1,-1,-1,-1,NoSamples,300,1,1,0,PH:pshmc03-9133-55A_10BCC1G:SVR,4,8192
21600,1170103004534003,achmc01:aixdc127:PH,1170103004533000,AC870CEC02-R903-SN219F1C7-VF5,IBM,9119-MME,219F1C7,0,0,0,0,0,0,0,0,0,0,0,-1,-1,NotCollected,-1,-1,-1,-1,NoSamples,-1,1,1,0,PH:achmc01-9119-MME_219F1C7:SVR,-1,-1
21600,1170103004534004,achmc01:aixdc127:PH,1170103004533000,AC870CEC03-R904-SN219F1E7-VF5,IBM,9119-MME,219F1E7,0,0,0,0,0,0,0,0,0,0,0,-1,-1,NotCollected,-1,-1,-1,-1,NoSamples,-1,1,1,0,PH:achmc01-9119-MME_219F1E7:SVR,-1,-1
21600,1170103004534005,achmc01:aixdc127:PH,1170103004533000,AC870CEC01-R704-SN219F1D7-VF5,IBM,9119-MME,219F1D7,0,0,0,0,0,0,0,0,0,0,0,-1,-1,NotCollected,-1,-1,-1,-1,NoSamples,-1,1,1,0,PH:achmc01-9119-MME_219F1D7:SVR,-1,-1
21600,1170103004534006,achmc01:aixdc127:PH,1170103004533000,AC770CEC01-R706-SN107B2C7,IBM,9117-MMD,107B2C7,0,0,0,0,0,0,0,0,0,0,0,-1,-1,NotCollected,-1,-1,-1,-1,NoSamples,-1,1,1,0,PH:achmc01-9117-MMD_107B2C7:SVR,-1,-1
21600,1170103013032003,pshmc03:aixdc148:PH,1170103013031000,P550CEC6-R155-SN10D987E,IBM,9113-550,10D987E,4,0,0,0,0,0,0,0,0,0,0,-1,-1,"unavailable,unavailable",-1,-1,-1,-1,NoSamples,-1,1,1,0,PH:pshmc03-9113-550_10D987E:SVR,-1,-1
21600,1170103004534000,achmc01:aixdc127:PH,1170103004533000,DC870CEC01-R3831-SN103BBC7-VF4,IBM,9119-MME,103BBC7,0,0,8,6,2,0,0,0,0,0,0,-1,-1,"104,01SC840",-1,-1,-1,-1,NoSamples,-1,1,1,0,PH:achmc01-9119-MME_103BBC7:SVR,64,-1
21600,1170103004534001,achmc01:aixdc127:PH,1170103004533000,DC870CEC03-R4032-SN103BBB7-VF4,IBM,9119-MME,103BBB7,0,0,8,5.5,2.5,0,536576,73472,463104,0,0,-1,-1,"104,01SC840",-1,-1,-1,-1,NoSamples,300,1,1,0,PH:achmc01-9119-MME_103BBB7:SVR,64,1048576
21600,1170103004534002,achmc01:aixdc127:PH,1170103004533000,DC870CEC02-R3832-SN063DE87-VF4,IBM,9119-MME,063DE87,0,0,0,0,0,0,0,0,0,0,0,-1,-1,NotCollected,-1,-1,-1,-1,NoSamples,-1,1,1,0,PH:achmc01-9119-MME_063DE87:SVR,-1,-1
21600,1170103010034005,achmc01:aixdc127:PH,1170103010033000,AC870CEC02-R903-SN219F1C7-VF5,IBM,9119-MME,219F1C7,0,0,0,0,0,0,0,0,0,0,0,-1,-1,NotCollected,-1,-1,-1,-1,NoSamples,-1,1,1,0,PH:achmc01-9119-MME_219F1C7:SVR,-1,-1
21600,1170103010034006,achmc01:aixdc127:PH,1170103010033000,AC870CEC01-R704-SN219F1D7-VF5,IBM,9119-MME,219F1D7,0,0,0,0,0,0,0,0,0,0,0,-1,-1,NotCollected,-1,-1,-1,-1,NoSamples,-1,1,1,0,PH:achmc01-9119-MME_219F1D7:SVR,-1,-1
21600,1170103011534000,achmc01:aixdc127:PH,1170103011533000,AC870CEC02-R903-SN219F1C7-VF5,IBM,9119-MME,219F1C7,0,0,35,34.1,0.9,0,933888,834560,99328,0,0,-1,-1,"68,01SC830",-1,-1,-1,-1,NoSamples,300,1,1,0,PH:achmc01-9119-MME_219F1C7:SVR,64,2097152
21600,1170103010034000,achmc01:aixdc127:PH,1170103010033000,DC870CEC02-R3832-SN063DE87-VF4,IBM,9119-MME,063DE87,0,0,8,4,4,0,536576,46336,490240,0,0,-1,-1,"104,01SC840",-1,-1,-1,-1,NoSamples,300,1,1,0,PH:achmc01-9119-MME_063DE87:SVR,64,1048576
21600,1170103010034001,achmc01:aixdc127:PH,1170103010033000,DC870CEC03-R4032-SN103BBB7-VF4,IBM,9119-MME,103BBB7,0,0,0,0,0,0,0,0,0,0,0,-1,-1,NotCollected,-1,-1,-1,-1,NoSamples,-1,1,1,0,PH:achmc01-9119-MME_103BBB7:SVR,-1,-1
21600,1170103010034002,achmc01:aixdc127:PH,1170103010033000,AC870CEC03-R904-SN219F1E7-VF5,IBM,9119-MME,219F1E7,0,0,32,28.2,3.8,0,0,0,0,0,0,-1,-1,"68,01SC830",-1,-1,-1,-1,NoSamples,-1,1,1,0,PH:achmc01-9119-MME_219F1E7:SVR,64,-1
21600,1170103010034003,achmc01:aixdc127:PH,1170103010033000,AC770CEC01-R706-SN107B2C7,IBM,9117-MMD,107B2C7,0,0,0,0,0,0,0,0,0,0,0,-1,-1,NotCollected,-1,-1,-1,-1,NoSamples,-1,1,1,0,PH:achmc01-9117-MMD_107B2C7:SVR,-1,-1
21600,1170103010034004,achmc01:aixdc127:PH,1170103010033000,DC870CEC01-R3831-SN103BBC7-VF4,IBM,9119-MME,103BBC7,0,0,0,0,0,0,0,0,0,0,0,-1,-1,NotCollected,-1,-1,-1,-1,NoSamples,-1,1,1,0,PH:achmc01-9119-MME_103BBC7:SVR,-1,-1
21600,1170103013034000,achmc01:aixdc127:PH,1170103013033000,DC870CEC02-R3832-SN063DE87-VF4,IBM,9119-MME,063DE87,0,0,8,4,4,0,536576,46336,490240,0,0,-1,-1,"104,01SC840",-1,-1,-1,-1,NoSamples,300,1,1,0,PH:achmc01-9119-MME_063DE87:SVR,64,1048576
21600,1170103013034001,achmc01:aixdc127:PH,1170103013033000,AC770CEC01-R706-SN107B2C7,IBM,9117-MMD,107B2C7,0,0,16,13,3,0,0,0,0,0,0,-1,-1,"80,01AM780",-1,-1,-1,-1,NoSamples,-1,1,1,0,PH:achmc01-9117-MMD_107B2C7:SVR,16,-1
21600,1170103011534001,achmc01:aixdc127:PH,1170103011533000,AC870CEC01-R704-SN219F1D7-VF5,IBM,9119-MME,219F1D7,0,0,29,27.7,1.3,0,0,0,0,0,0,-1,-1,"68,01SC830",-1,-1,-1,-1,NoSamples,-1,1,1,0,PH:achmc01-9119-MME_219F1D7:SVR,64,-1
21600,1170103011534002,achmc01:aixdc127:PH,1170103011533000,DC870CEC01-R3831-SN103BBC7-VF4,IBM,9119-MME,103BBC7,0,0,0,0,0,0,0,0,0,0,0,-1,-1,NotCollected,-1,-1,-1,-1,NoSamples,-1,1,1,0,PH:achmc01-9119-MME_103BBC7:SVR,-1,-1
21600,1170103011534003,achmc01:aixdc127:PH,1170103011533000,DC870CEC03-R4032-SN103BBB7-VF4,IBM,9119-MME,103BBB7,0,0,0,0,0,0,0,0,0,0,0,-1,-1,NotCollected,-1,-1,-1,-1,NoSamples,-1,1,1,0,PH:achmc01-9119-MME_103BBB7:SVR,-1,-1
21600,1170103011534004,achmc01:aixdc127:PH,1170103011533000,AC770CEC01-R706-SN107B2C7,IBM,9117-MMD,107B2C7,0,0,0,0,0,0,0,0,0,0,0,-1,-1,NotCollected,-1,-1,-1,-1,NoSamples,-1,1,1,0,PH:achmc01-9117-MMD_107B2C7:SVR,-1,-1
21600,1170103011534005,achmc01:aixdc127:PH,1170103011533000,DC870CEC02-R3832-SN063DE87-VF4,IBM,9119-MME,063DE87,0,0,0,0,0,0,0,0,0,0,0,-1,-1,NotCollected,-1,-1,-1,-1,NoSamples,-1,1,1,0,PH:achmc01-9119-MME_063DE87:SVR,-1,-1
21600,1170103011534006,achmc01:aixdc127:PH,1170103011533000,AC870CEC03-R904-SN219F1E7-VF5,IBM,9119-MME,219F1E7,0,0,0,0,0,0,0,0,0,0,0,-1,-1,NotCollected,-1,-1,-1,-1,NoSamples,-1,1,1,0,PH:achmc01-9119-MME_219F1E7:SVR,-1,-1
21600,1170103004534002,achmc02:aixdc127:PH,1170103004533000,AC822CEC06-R705-SN21BDAAV,IBM,8284-22A,21BDAAV,0,0,0,0,0,0,0,0,0,0,0,-1,-1,NotCollected,-1,-1,-1,-1,NoSamples,-1,1,1,0,PH:achmc02-8284-22A_21BDAAV:SVR,-1,-1
21600,1170103013034002,achmc01:aixdc127:PH,1170103013033000,AC870CEC03-R904-SN219F1E7-VF5,IBM,9119-MME,219F1E7,0,0,0,0,0,0,0,0,0,0,0,-1,-1,NotCollected,-1,-1,-1,-1,NoSamples,-1,1,1,0,PH:achmc01-9119-MME_219F1E7:SVR,-1,-1
21600,1170103013034003,achmc01:aixdc127:PH,1170103013033000,AC870CEC02-R903-SN219F1C7-VF5,IBM,9119-MME,219F1C7,0,0,0,0,0,0,0,0,0,0,0,-1,-1,NotCollected,-1,-1,-1,-1,NoSamples,-1,1,1,0,PH:achmc01-9119-MME_219F1C7:SVR,-1,-1
21600,1170103013034004,achmc01:aixdc127:PH,1170103013033000,DC870CEC01-R3831-SN103BBC7-VF4,IBM,9119-MME,103BBC7,0,0,0,0,0,0,0,0,0,0,0,-1,-1,NotCollected,-1,-1,-1,-1,NoSamples,-1,1,1,0,PH:achmc01-9119-MME_103BBC7:SVR,-1,-1
21600,1170103013034005,achmc01:aixdc127:PH,1170103013033000,AC870CEC01-R704-SN219F1D7-VF5,IBM,9119-MME,219F1D7,0,0,0,0,0,0,0,0,0,0,0,-1,-1,NotCollected,-1,-1,-1,-1,NoSamples,-1,1,1,0,PH:achmc01-9119-MME_219F1D7:SVR,-1,-1
21600,1170103013034006,achmc01:aixdc127:PH,1170103013033000,DC870CEC03-R4032-SN103BBB7-VF4,IBM,9119-MME,103BBB7,0,0,0,0,0,0,0,0,0,0,0,-1,-1,NotCollected,-1,-1,-1,-1,NoSamples,-1,1,1,0,PH:achmc01-9119-MME_103BBB7:SVR,-1,-1
21600,1170103004534000,achmc02:aixdc127:PH,1170103004533000,DC822CEC02-R3828-SN21BE31V,IBM,8284-22A,21BE31V,0,0,0,0,0,0,0,0,0,0,0,-1,-1,NotCollected,-1,-1,-1,-1,NoSamples,-1,1,1,0,PH:achmc02-8284-22A_21BE31V:SVR,-1,-1
21600,1170103004534001,achmc02:aixdc127:PH,1170103004533000,AC822CEC08-R706-SN21BD9FV,IBM,8284-22A,21BD9FV,0,0,12,8,4,0,524288,287232,237056,0,0,-1,-1,"118,01SV840",-1,-1,-1,-1,NoSamples,300,1,1,0,PH:achmc02-8284-22A_21BD9FV:SVR,12,524288
21600,1170103004534011,achmc02:aixdc127:PH,1170103004533000,AC822CEC04-R703-SN21BDADV,IBM,8284-22A,21BDADV,0,0,0,0,0,0,0,0,0,0,0,-1,-1,NotCollected,-1,-1,-1,-1,NoSamples,-1,1,1,0,PH:achmc02-8284-22A_21BDADV:SVR,-1,-1
21600,1170103004534003,achmc02:aixdc127:PH,1170103004533000,AC822CEC03-R701-SN21BDB1V,IBM,8284-22A,21BDB1V,0,0,0,0,0,0,0,0,0,0,0,-1,-1,NotCollected,-1,-1,-1,-1,NoSamples,-1,1,1,0,PH:achmc02-8284-22A_21BDB1V:SVR,-1,-1
21600,1170103004534004,achmc02:aixdc127:PH,1170103004533000,AC822CEC13-R902-SN21BD9CV,IBM,8284-22A,21BD9CV,0,0,20,5,15,0,0,0,0,0,0,-1,-1,"118,01SV840",-1,-1,-1,-1,NoSamples,-1,1,1,0,PH:achmc02-8284-22A_21BD9CV:SVR,20,-1
21600,1170103004534005,achmc02:aixdc127:PH,1170103004533000,AC822CEC01-R701-SN21BDA9V,IBM,8284-22A,21BDA9V,0,0,0,0,0,0,0,0,0,0,0,-1,-1,NotCollected,-1,-1,-1,-1,NoSamples,-1,1,1,0,PH:achmc02-8284-22A_21BDA9V:SVR,-1,-1
21600,1170103004534006,achmc02:aixdc127:PH,1170103004533000,DC822CEC01-R3828-SN21BE32V,IBM,8284-22A,21BE32V,0,0,0,0,0,0,0,0,0,0,0,-1,-1,NotCollected,-1,-1,-1,-1,NoSamples,-1,1,1,0,PH:achmc02-8284-22A_21BE32V:SVR,-1,-1
21600,1170103004534007,achmc02:aixdc127:PH,1170103004533000,AC822CEC15-R905-SN21BDABV,IBM,8284-22A,21BDABV,0,0,0,0,0,0,0,0,0,0,0,-1,-1,NotCollected,-1,-1,-1,-1,NoSamples,-1,1,1,0,PH:achmc02-8284-22A_21BDABV:SVR,-1,-1
21600,1170103004534008,achmc02:aixdc127:PH,1170103004533000,AC824CEC01-R703-SN21DF42V,IBM,8286-42A,21DF42V,0,0,0,0,0,0,0,0,0,0,0,-1,-1,NotCollected,-1,-1,-1,-1,NoSamples,-1,1,1,0,PH:achmc02-8286-42A_21DF42V:SVR,-1,-1
21600,1170103004534009,achmc02:aixdc127:PH,1170103004533000,AC822CEC17-R906-SN21BDA5V,IBM,8284-22A,21BDA5V,0,0,0,0,0,0,0,0,0,0,0,-1,-1,NotCollected,-1,-1,-1,-1,NoSamples,-1,1,1,0,PH:achmc02-8284-22A_21BDA5V:SVR,-1,-1
21600,1170103004534010,achmc02:aixdc127:PH,1170103004533000,DC822CEC05-R4028-SN21BE2FV,IBM,8284-22A,21BE2FV,0,0,0,0,0,0,0,0,0,0,0,-1,-1,NotCollected,-1,-1,-1,-1,NoSamples,-1,1,1,0,PH:achmc02-8284-22A_21BE2FV:SVR,-1,-1
21600,1170103004534020,achmc02:aixdc127:PH,1170103004533000,AC822CEC12-R901-SN21BDA3V,IBM,8284-22A,21BDA3V,0,0,0,0,0,0,0,0,0,0,0,-1,-1,NotCollected,-1,-1,-1,-1,NoSamples,-1,1,1,0,PH:achmc02-8284-22A_21BDA3V:SVR,-1,-1
21600,1170103004534012,achmc02:aixdc127:PH,1170103004533000,AC822CEC14-R905-SN21BD9EV,IBM,8284-22A,21BD9EV,0,0,0,0,0,0,0,0,0,0,0,-1,-1,NotCollected,-1,-1,-1,-1,NoSamples,-1,1,1,0,PH:achmc02-8284-22A_21BD9EV:SVR,-1,-1
21600,1170103004534013,achmc02:aixdc127:PH,1170103004533000,AC822CEC09-R706-SN21BDACV,IBM,8284-22A,21BDACV,0,0,0,0,0,0,0,0,0,0,0,-1,-1,NotCollected,-1,-1,-1,-1,NoSamples,-1,1,1,0,PH:achmc02-8284-22A_21BDACV:SVR,-1,-1
21600,1170103004534014,achmc02:aixdc127:PH,1170103004533000,AC822CEC11-R901-SN21BDA1V,IBM,8284-22A,21BDA1V,0,0,0,0,0,0,0,0,0,0,0,-1,-1,NotCollected,-1,-1,-1,-1,NoSamples,-1,1,1,0,PH:achmc02-8284-22A_21BDA1V:SVR,-1,-1
21600,1170103004534015,achmc02:aixdc127:PH,1170103004533000,AC822CEC10-R901-SN21BDB0V,IBM,8284-22A,21BDB0V,0,0,0,0,0,0,0,0,0,0,0,-1,-1,NotCollected,-1,-1,-1,-1,NoSamples,-1,1,1,0,PH:achmc02-8284-22A_21BDB0V:SVR,-1,-1
21600,1170103004534016,achmc02:aixdc127:PH,1170103004533000,AC822CEC02-R701-SN21BDA7V,IBM,8284-22A,21BDA7V,0,0,0,0,0,0,0,0,0,0,0,-1,-1,NotCollected,-1,-1,-1,-1,NoSamples,-1,1,1,0,PH:achmc02-8284-22A_21BDA7V:SVR,-1,-1
21600,1170103004534017,achmc02:aixdc127:PH,1170103004533000,DC822CEC03-R3829-SN21BD9DV,IBM,8284-22A,21BD9DV,0,0,0,0,0,0,0,0,0,0,0,-1,-1,NotCollected,-1,-1,-1,-1,NoSamples,-1,1,1,0,PH:achmc02-8284-22A_21BD9DV:SVR,-1,-1
21600,1170103004534018,achmc02:aixdc127:PH,1170103004533000,DC824CEC01-R4029-SN21DF43V,IBM,8286-42A,21DF43V,0,0,0,0,0,0,0,0,0,0,0,-1,-1,NotCollected,-1,-1,-1,-1,NoSamples,-1,1,1,0,PH:achmc02-8286-42A_21DF43V:SVR,-1,-1
21600,1170103004534019,achmc02:aixdc127:PH,1170103004533000,AC822CEC07-R705-SN21BDB2V,IBM,8284-22A,21BDB2V,0,0,0,0,0,0,0,0,0,0,0,-1,-1,NotCollected,-1,-1,-1,-1,NoSamples,-1,1,1,0,PH:achmc02-8284-22A_21BDB2V:SVR,-1,-1
21600,1170103010034005,achmc02:aixdc127:PH,1170103010033000,DC822CEC04-R4028-SN21BE30V,IBM,8284-22A,21BE30V,0,0,0,0,0,0,0,0,0,0,0,-1,-1,NotCollected,-1,-1,-1,-1,NoSamples,-1,1,1,0,PH:achmc02-8284-22A_21BE30V:SVR,-1,-1
21600,1170103004534021,achmc02:aixdc127:PH,1170103004533000,AC822CEC05-R705-SN21BDA4V,IBM,8284-22A,21BDA4V,0,0,0,0,0,0,0,0,0,0,0,-1,-1,NotCollected,-1,-1,-1,-1,NoSamples,-1,1,1,0,PH:achmc02-8284-22A_21BDA4V:SVR,-1,-1
21600,1170103004534022,achmc02:aixdc127:PH,1170103004533000,DC822CEC04-R4028-SN21BE30V,IBM,8284-22A,21BE30V,0,0,0,0,0,0,0,0,0,0,0,-1,-1,NotCollected,-1,-1,-1,-1,NoSamples,-1,1,1,0,PH:achmc02-8284-22A_21BE30V:SVR,-1,-1
21600,1170103004534023,achmc02:aixdc127:PH,1170103004533000,AC822CEC16-R905-SN21BDA8V,IBM,8284-22A,21BDA8V,0,0,0,0,0,0,0,0,0,0,0,-1,-1,NotCollected,-1,-1,-1,-1,NoSamples,-1,1,1,0,PH:achmc02-8284-22A_21BDA8V:SVR,-1,-1
21600,1170103010034000,achmc02:aixdc127:PH,1170103010033000,AC822CEC11-R901-SN21BDA1V,IBM,8284-22A,21BDA1V,0,0,12,11,1,0,0,0,0,0,0,-1,-1,"118,01SV840",-1,-1,-1,-1,NoSamples,-1,1,1,0,PH:achmc02-8284-22A_21BDA1V:SVR,12,-1
21600,1170103010034001,achmc02:aixdc127:PH,1170103010033000,AC822CEC05-R705-SN21BDA4V,IBM,8284-22A,21BDA4V,0,0,12,8,4,0,524288,287232,237056,0,0,-1,-1,"118,01SV840",-1,-1,-1,-1,NoSamples,300,1,1,0,PH:achmc02-8284-22A_21BDA4V:SVR,12,524288
21600,1170103010034002,achmc02:aixdc127:PH,1170103010033000,AC822CEC07-R705-SN21BDB2V,IBM,8284-22A,21BDB2V,0,0,0,0,0,0,0,0,0,0,0,-1,-1,NotCollected,-1,-1,-1,-1,NoSamples,-1,1,1,0,PH:achmc02-8284-22A_21BDB2V:SVR,-1,-1
21600,1170103010034003,achmc02:aixdc127:PH,1170103010033000,AC822CEC04-R703-SN21BDADV,IBM,8284-22A,21BDADV,0,0,0,0,0,0,0,0,0,0,0,-1,-1,NotCollected,-1,-1,-1,-1,NoSamples,-1,1,1,0,PH:achmc02-8284-22A_21BDADV:SVR,-1,-1
21600,1170103010034004,achmc02:aixdc127:PH,1170103010033000,AC822CEC14-R905-SN21BD9EV,IBM,8284-22A,21BD9EV,0,0,0,0,0,0,0,0,0,0,0,-1,-1,NotCollected,-1,-1,-1,-1,NoSamples,-1,1,1,0,PH:achmc02-8284-22A_21BD9EV:SVR,-1,-1
21600,1170103010034014,achmc02:aixdc127:PH,1170103010033000,AC822CEC10-R901-SN21BDB0V,IBM,8284-22A,21BDB0V,0,0,0,0,0,0,0,0,0,0,0,-1,-1,NotCollected,-1,-1,-1,-1,NoSamples,-1,1,1,0,PH:achmc02-8284-22A_21BDB0V:SVR,-1,-1
21600,1170103010034006,achmc02:aixdc127:PH,1170103010033000,AC822CEC08-R706-SN21BD9FV,IBM,8284-22A,21BD9FV,0,0,0,0,0,0,0,0,0,0,0,-1,-1,NotCollected,-1,-1,-1,-1,NoSamples,-1,1,1,0,PH:achmc02-8284-22A_21BD9FV:SVR,-1,-1
